1860725 501834 498348 436953 423590
1765118 486862 489003 393280 395973
1830023 567623 564241 347436 350723
3573470 932363 935838 853808 851461
4641652 1142742 1141382 1177437 1180091
1667825 505397 514075 321273 327080
1751377 439338 444338 434571 433130
2178400 562096 558001 531003 527300
1551335 440779 436095 338100 336361
1738505 504060 506377 359442 368626
4411532 758552 758368 1444614 1449998
4215606 1188073 1193137 915112 919284
6264404 1056134 1038950 2066633 2102687
1564906 425441 419696 361266 358503
2014239 323335 322973 682933 684998
5521804 1369964 1366445 1391726 1393669
2365589 765914 763927 420487 415261
2257487 673927 671425 462076 450059
3268203 687041 692247 950202 938713
1584804 478011 474163 317147 315483
5498450 1361495 1358200 1392518 1386237
2992245 955581 965824 536709 534131
2878529 963175 968957 474631 471766
5339179 850606 853819 1825282 1809472
4773551 759492 763273 1638033 1612753
4086189 659351 659647 1388992 1378199
2154939 471539 465217 605261 612922
2488635 578357 579393 665651 665234
1469720 374051 377707 362333 355629
3570858 659017 657108 1127109 1127624
3814128 742337 747557 1164291 1159943
1698955 518691 530915 334825 314524
3397753 1048939 1048510 651691 648613
4829781 743358 739452 1671200 1675771
4345492 746434 746982 1423006 1429070
2843201 881542 884832 533662 543165
1995281 573164 570920 425722 425475
2616530 872867 902413 414456 426794
2160842 653879 649168 430999 426796
2694756 900901 910333 444673 438849
2272360 550006 551456 590161 580737
4809037 1150204 1153675 1254485 1250673
2944528 914202 911964 555061 563301
3011208 941651 942192 559189 568176
5205140 1477686 1479324 1125395 1122735
2222430 544397 536537 576579 564917
1908256 565156 565106 389365 388629
3309401 764350 764254 886255 894542
1895017 581202 583350 366288 364177
1694969 329926 328414 515869 520760
8667507 1203558 1213059 3129638 3121252
5076172 889264 883916 1652127 1650865
5223909 1685097 1680213 930859 927740
4109437 735036 735201 1323143 1316057
2820462 942249 952267 463710 462236
7074893 1305352 1290785 2232065 2246691
3630528 1165552 1169556 647106 648314
2211485 713263 710327 393568 394327
3147090 579149 580869 995753 991319
5231148 1297551 1293044 1319228 1321325
2499279 837991 859140 396707 405441
9105828 1635170 1637521 2917689 2915448
2519802 605295 609845 659450 645212
2799251 988498 1005988 394694 410071
4791950 1146820 1150839 1250672 1243619
6260361 1781431 1797168 1345482 1336280
3218031 1001312 1009076 602036 605607
4599326 1131104 1126890 1168009 1173323
2812094 698455 687396 699395 726848
1657990 571468 575875 254485 256162
2110355 541903 545816 517215 505421
4659019 887941 882586 1443945 1444547
5688987 1626292 1626366 1204636 1231693
5459213 952760 955882 1778169 1772402
1992676 654687 648299 348685 341005
5928787 1240097 1249103 1724005 1715582
1894877 290642 288484 659053 656698
2447979 796858 801909 425557 423655
1545895 494440 495390 275829 280236
5228663 1685622 1693169 919481 930391
1581384 487235 480622 303531 309996
1931047 604680 588121 365332 372914
5237681 1688312 1694950 923133 931286
1899877 579618 585289 366567 368403
2584158 418687 416615 874000 874856
3566135 559574 557753 1223020 1225788
4222597 1133567 1138427 975561 975042
5300915 1711161 1715780 933029 940945
2314078 664918 664798 487814 496548
4222645 1133401 1138604 975544 975096
5277274 1493294 1500712 1140982 1142286
6021225 878196 877989 2135311 2129729
3503503 1082546 1076554 671977 672426
3345566 1035561 1024760 645845 639400
1849735 284409 279425 639653 646248
4585229 1096005 1097369 1191702 1200153
2839318 752994 750702 648501 687121
2056363 541127 562563 491408 461265
2696255 599382 600874 747947 748052
2088737 503440 499248 542161 543888
2702173 521846 530050 837123 813154
1993560 651173 650331 351700 340356
1499920 546281 540972 203764 208903
4755700 1138651 1136633 1241357 1239059
1485148 505582 497630 243390 238546
1914490 591464 592520 365415 365091
2650701 757045 759150 568153 566353
1838554 562941 567138 354022 354453
2516575 841837 838232 420762 415744
1315030 467984 466243 189258 191545
4837408 1475708 1461758 946261 953681
2909809 493825 493554 961807 960623
3402093 647647 643481 1052382 1058583
6365727 1870417 1858538 1321054 1315718
2127839 690236 679615 381105 376883
6438405 1276547 1265274 1943981 1952603
3665893 821021 824461 1012461 1007950
5178466 913972 911523 1678315 1674656
2234828 510200 514145 604102 606381
2510659 512396 511510 744301 742452
3997420 814227 804348 1184543 1194302
2427734 692379 688274 528773 518308
2201561 726668 716192 381751 376950
4519823 1102798 1102297 1160259 1154469
2742531 920560 923004 450577 448390
4352825 752217 751773 1424992 1423843
2628784 582554 579591 734515 732124
3551823 601699 598223 1175204 1176697
4171146 945757 943814 1149977 1131598
3179300 772747 770484 823297 812772
3046680 634896 630988 889305 891491
5331656 905975 904742 1757177 1763762
2872769 960377 971532 470186 470674
2821360 938713 955315 461500 465832
3544738 981407 962916 796919 803496
1471282 425190 433510 311793 300789
4317977 810457 816031 1360187 1331302
1895994 640656 645726 308366 301246
5513844 967727 964478 1786690 1794949
1522076 515738 524664 237192 244482
5065741 1250197 1252067 1279155 1284322
5200264 979163 972376 1625109 1623616
4545906 1249186 1244281 1023553 1028886
4892717 859367 862490 1590657 1580203
3696649 666454 667598 1188339 1174258
3059876 881078 884738 648248 645812
3928089 704847 716324 1252581 1254337
5728845 1193115 1190813 1673518 1671399
1937111 601278 593611 376164 366058
3345170 579938 574094 1094262 1096876
1864998 467380 470359 463245 464014
1596366 485632 486835 311449 312450
9139763 1425440 1417827 3142815 3153681
4133097 848278 847585 1219359 1217875
5187005 1435270 1437496 1155532 1158707
1553927 484479 476197 297065 296186
1892616 643995 638063 309329 301229
4938920 1222723 1221177 1243439 1251581
4473730 869286 872589 1362476 1369379
4574284 1124246 1120916 1162076 1167046
3120143 706150 706408 854673 852912
3256683 1148078 1184386 453276 470943
7804765 1262825 1272488 2640886 2628566
7497934 1020127 1017205 2734055 2726547
4792610 1253991 1244597 1144777 1149245
3275944 533858 529800 1106608 1105678
2708355 555312 553160 798969 800914
2936195 810079 808765 653452 663899
3368780 628694 626930 1056396 1056760
3705021 703037 707454 1145200 1149330
6537637 1102316 1101370 2166587 2167364
2291220 614453 617791 514222 544754
1832387 573424 574423 342399 342141
2895264 770408 775099 674170 675587
2438589 780900 783315 436584 437790
1780517 554622 551277 338970 335648
1856951 466194 468106 460899 461752
1894360 618279 608137 337364 330580
2046115 617717 615968 407646 404784
10104050 1922463 1927085 3119056 3135446
4990251 1005043 993616 1497104 1494488
2814130 899151 891986 510263 512730
5081897 1256126 1256945 1283517 1285309
4744448 913433 910883 1462119 1458013
3798465 1193160 1214658 691042 699605
4719581 1086849 1076254 1262935 1293543
2443540 403749 404883 818100 816808
2547720 911949 900609 369148 366014
5475491 846193 851861 1891461 1885976
6988209 1140149 1137811 2352973 2357276
1798248 607973 590981 302890 296404
5257091 1698071 1696638 930432 931950
1910031 646861 642887 306634 313649
4008000 824900 817411 1184259 1181430
5631606 976432 968010 1836682 1850482
2089644 428127 424775 617084 619658
1781889 375872 378479 510356 517182
1826402 460654 459870 453771 452107
4376040 703336 700653 1482458 1489593
4559598 1366257 1365568 915417 912356
4597686 869496 861855 1432599 1433736
6491865 1047131 1043696 2197949 2203089
4708380 1303178 1303698 1052423 1049081
3462887 639427 641428 1089813 1092219
5352772 841264 843130 1838049 1830329
2194961 531551 530291 570081 563038
4410291 829263 823489 1376986 1380553
4448856 751982 752956 1473867 1470051
5566749 968620 964206 1814980 1818943
1639005 570133 566652 249612 252608
1704176 589933 589456 261334 263453
2682675 663243 677891 672124 669417
4044195 622413 623290 1396848 1401644
1804962 450744 451618 449479 453121
2388435 675935 675914 517978 518608
1570485 515199 494206 288188 272892
5127376 1377567 1376684 1184969 1188156
2009313 431753 429221 574217 574122
6048425 957680 956258 2064117 2070370
3976746 1215434 1212734 777818 770760
4602594 1065761 1066759 1233876 1236198
1780761 591485 601578 292518 295180
8212805 1184537 1185189 2916082 2926997
3608104 1044718 1038051 768632 756703
1898476 639661 646203 305675 306937
1841271 564546 565470 356610 354645
1966858 468927 455659 519923 522349
5619607 899996 902964 1908456 1908191
3314174 759499 760609 898878 895188
4567418 824535 825285 1459334 1458264
4518712 1064110 1060509 1195101 1198992
5072807 894456 897455 1638780 1642116
2191517 593176 585305 513726 499310
2095698 618178 615908 422542 439070
7456587 1286060 1285688 2442941 2441898
1389349 384189 388348 304484 312328
3025375 716087 707016 804073 798199
1341892 353673 355214 314072 318933
3179916 717692 725896 867422 868906
2224913 436514 434684 676209 677506
5136364 1173278 1177213 1385790 1400083
3389227 540108 544691 1143168 1161260
2906700 976023 972937 483303 474437
2127051 738883 738757 323316 326095
3576470 1102098 1098199 689892 686281
5959964 1137800 1135215 1840040 1846909
1999618 611896 610418 392678 384626
2978976 817704 824460 666140 670672
4419977 759913 760006 1447192 1452866
4424435 760565 760652 1448726 1454492
1813019 561364 561973 345938 343744
1887181 584970 584905 355015 362291
2860382 951455 978359 461529 469039
5163189 1494665 1489581 1084578 1094365
1915238 651632 662224 297368 304014
2906507 975935 972858 483287 474427
4929566 1558517 1555883 912968 902198
1720048 592742 588444 270512 268350
3781904 726197 729751 1160579 1165377
2878897 963904 968174 475267 471552
5315120 1131195 1128870 1528673 1526382
5100344 1465757 1462143 1079817 1092627
6588339 1106629 1103796 2187208 2190706
4110251 938415 942675 1114221 1114940
2562277 716625 721543 562124 561985
5229686 1406582 1401108 1211492 1210504
4087024 1307717 1313014 729563 736730
5277990 697999 699011 1936290 1944690
3863450 1364982 1408769 533080 556619
3760560 1333413 1367244 521620 538283
3995377 1410771 1453556 554318 576732
3964618 1337567 1357566 623613 645872
4723304 1237163 1240795 1117618 1127728
2542943 580142 576551 693876 692374
1735040 592403 591714 276128 274795
1998642 549944 558182 443842 446674
1948941 624877 642143 337066 344855
5308934 857264 870014 1812851 1768805
3918589 1047297 1050102 911447 909743
2158758 617657 625015 455415 460671
5723298 1123770 1126054 1737172 1736302
1297538 281521 282644 366636 366737
2196662 655466 651399 447251 442546
4720462 1093556 1085985 1249659 1291262
4643537 1143585 1140124 1177473 1182355
4979619 1231957 1226898 1257721 1263043
5448853 1226915 1221059 1498755 1502124
1738790 595737 601506 270246 271301
3704465 1085872 1089134 764744 764715
5174581 1430603 1432909 1160397 1150672
8982042 1293212 1297784 3200920 3190126
3123558 1001628 989412 573747 558771
6503724 1717845 1712619 1531646 1541614
5369772 877171 877723 1803599 1811279
3944167 866120 862663 1109438 1105946
5786361 879643 884125 2019396 2003197
2106422 600155 598433 453546 454288
6346587 1559178 1568695 1613493 1605221
5347283 1436527 1435856 1239510 1235390
4847594 1569915 1564126 866464 847089
6767514 1131307 1137417 2258679 2240111
2872915 960323 971530 470309 470753
2080931 656405 652979 392663 378884
4858887 1164120 1162813 1264613 1267341
2016427 577723 576395 430672 431637
2153416 520171 519922 558968 554355
4504254 1186981 1173337 1060663 1083273
13033779 1871082 1859741 4653678 4649278
3155250 691033 688716 881004 894497
5287950 914162 911089 1726374 1736325
5471154 873986 866724 1862061 1868383
5258541 1135063 1142035 1489617 1491826
1268188 427773 428930 207263 204222
2242058 657099 660495 461145 463319
5226917 1451795 1444394 1166162 1164566
2045775 691854 687544 336014 330363
3075407 659217 663971 870146 882073
5553953 905302 901332 1870512 1876807
2000962 320206 319805 679401 681550
2245614 682873 672784 448752 441205
4639821 1464672 1444990 886730 843429
3421854 1040145 1040589 673659 667461
3258645 447233 447064 1177923 1186425
3936291 1195022 1191158 772909 777202
4689441 1231518 1229014 1113064 1115845
4746218 1164516 1167466 1209555 1204681
1796284 544620 551309 351613 348742
3008047 757372 757750 746251 746674
1877693 502196 508422 427313 439762
5774330 1110351 1116485 1774208 1773286
5935403 1666527 1675046 1293006 1300824
2475130 592667 597438 647850 637175
3958233 1399579 1437052 551412 570190
2263857 704511 713160 435567 410619
3992906 1415116 1447364 557900 572526
1560469 425264 424296 355872 355037
4063606 1242539 1240337 788214 792516
3034136 793700 792598 726711 721127
2535690 610144 613155 663024 649367
2209198 671250 666149 438032 433767
2039414 623848 622667 400260 392639
2098684 515364 503147 542108 538065
3904046 1187195 1193024 762058 761769
6636827 1141547 1133118 2174189 2187973
2697540 388178 389690 960673 958999
4695619 1229325 1234520 1121342 1110432
1643562 496056 490868 330535 326103
3732255 718348 715488 1146999 1151420
4615997 1120487 1125992 1188601 1180917
3800327 1382385 1372420 526660 518862
5079002 884405 891132 1655679 1647786
3883467 896714 900095 1044162 1042496
5240075 955058 950545 1661767 1672705
3165557 1010636 1005118 576926 572877
3659644 1334792 1323528 505368 495956
1838442 622631 627005 291279 297527
2008987 697138 698831 309650 303368
2287145 622605 624283 516290 523967
2763181 671353 673851 703878 714099
2507512 412135 413478 838597 843302
3917761 885888 886097 1070871 1074905
2375792 472112 474734 716648 712298
1910535 620948 619910 336664 333013
2736403 696339 701222 672812 666030
4513324 866396 863778 1374416 1408734
4640136 1117078 1111444 1200545 1211069
5744041 1008103 1010364 1866123 1859451
3293456 903768 906351 741718 741619
2289249 507128 504809 639363 637949
2512923 629305 624766 625824 633028
4709075 1128824 1123332 1228959 1227960
2024171 588805 588459 425754 421153
4480675 1237137 1232999 1007649 1002890
3996255 574880 570192 1428929 1422254
5061632 633897 639575 1892422 1895738
4842908 1160246 1155651 1263124 1263887
4658697 1113440 1113205 1219531 1212521
4685848 1121875 1119492 1220499 1223982
2003803 659442 660485 339765 344111
1959987 659799 638869 339783 321536
1652982 501789 508279 319163 323751
5572075 1378624 1378300 1404794 1410357
1815724 556663 558738 352147 348176
3745629 706163 702213 1168254 1168999
4355543 641201 645371 1533126 1535845
1673813 508823 515400 323215 326375
2008870 577367 575059 422045 434399
5396476 1532990 1527255 1170192 1166039
2846746 831582 825886 598928 590350
4050513 1229875 1232623 796082 791933
2832748 569550 567426 851277 844495
3760981 1148090 1144465 732520 735906
2016657 687759 707550 312697 308651
5269030 1694204 1699514 934151 941161
2976212 918955 920532 571591 565134
5145902 1382416 1380204 1194146 1189136
4305430 795009 794411 1356610 1359400
5419036 1750304 1755619 954538 958575
4679413 1408411 1410414 929637 930951
5942652 1815309 1832947 1148254 1146142
4588711 1152559 1144715 1145015 1146422
4700560 1157824 1155149 1190566 1197021
5032268 1240740 1241126 1274671 1275731
5209448 1284417 1282079 1314936 1328016
5154862 1273428 1270172 1303042 1308220
5132068 1268010 1265665 1292707 1305686
5202090 1283950 1279831 1317932 1320377
5777908 921295 915478 1966963 1974172
2982397 612941 616628 883771 869057
1365223 366809 379434 303024 315956
6517073 1481619 1484653 1766858 1783943
6601757 1110327 1114638 2191221 2185571
5387334 1741747 1745783 946996 952808
5302501 1710049 1715380 934562 942510
5279134 1388107 1381467 1261094 1248466
4684931 1020094 1021201 1321775 1321861
2922917 648456 656519 810340 807602
1933695 381164 382832 588579 581120
3896121 1317387 1332223 614526 631985
2269156 681352 680298 456989 450517
2873437 603489 601281 833794 834873
5374574 1322125 1322781 1360953 1368715
4395523 741655 740518 1455306 1458044
5029329 632543 639048 1878497 1879241
7772460 1207906 1212652 2671787 2680115
3268069 686985 692221 950182 938681
4068724 1270949 1275910 759818 762047
3464554 605309 605103 1125658 1128484
2003004 363451 364699 638868 635986
1884562 499409 500494 440015 444644
4304501 995858 1006941 1165361 1136341
3796573 632198 626974 1270034 1267367
4773108 1177484 1175868 1208339 1211417
1852352 586754 587048 339562 338988
2735295 452990 457259 912528 912518
5268950 1137893 1144516 1491756 1494785
2960268 956337 962917 525254 515760
1546646 544819 542371 229995 229461
5589073 1428472 1430506 1362496 1367599
4833080 1153851 1158138 1276525 1244566
4371711 750874 751114 1431726 1437997
4026322 935273 940125 1079393 1071531
1640876 552637 550804 269763 267672
2253793 660746 662625 465802 464620
5269628 1700844 1701201 932474 935109
4127356 817774 812655 1242334 1254593
2912690 904925 899127 550405 558233
6516310 1228564 1227188 2029592 2030966
7913450 1267300 1273329 2693714 2679107
2819842 516615 515781 893155 894291
3169329 596540 596639 988227 987923
5365318 917230 924386 1766820 1756882
4155278 1472935 1510097 576599 595647
2736272 888038 887501 485602 475131
1278530 432042 432249 208794 205445
3977794 1413914 1441343 554896 567641
6722539 1322487 1332609 2034487 2032956
4669183 629022 626214 1704532 1709415
3471292 884355 885066 848610 853261
1288492 432581 436364 207927 211620
5248520 1110969 1110376 1514738 1512437
2139540 639413 637902 429776 432449
4578159 1128165 1124716 1161515 1163763
2144190 666023 669536 403450 405181
3812301 812314 810320 1095973 1093694
3449685 1003856 1014859 707254 723716
2302126 666146 679539 480879 475562
3464618 989314 991077 741391 742836
5248049 976678 977201 1646869 1647301
2045438 470421 479450 544605 550962
5511322 866488 858028 1889658 1897148
1938708 382438 383698 585694 586878
1938480 382388 383658 585621 586813
4767043 931718 923259 1436782 1475284
4679450 1050025 1055022 1284623 1289780
1845800 550363 553402 370810 371225
4558947 1121880 1119635 1157625 1159807
4813854 1094482 1094991 1318509 1305872
2313035 670289 665929 489973 486844
7184930 1787793 1784688 1813522 1798927
4862913 1168310 1169207 1258460 1266936
2146229 634875 630010 442055 439289
4398250 755688 756687 1447910 1437965
4570938 1122256 1124792 1162914 1160976
5064808 1459060 1470798 1064347 1070603
4629812 1140788 1138496 1173579 1176949
2547570 695346 692820 578531 580873
2995511 672713 679448 822254 821096
4558953 1121882 1119636 1157627 1159808
1576758 476459 482853 304179 313267
3455622 948032 944608 778550 784432
3197756 885991 883617 713314 714834
5193160 1277342 1272983 1321375 1321460
5528136 1368507 1367543 1394538 1397548
2145295 514786 516089 559581 554839
6967790 1686398 1689845 1796381 1795166
5167383 1491779 1502777 1083931 1088896
2768101 794418 791904 591208 590571
8248144 1083496 1085034 3038747 3040867
2158157 342988 341378 736799 736992
10613167 1606031 1605604 3699011 3702521
9254115 2552729 2515760 2073653 2111973
1485061 504092 502632 240763 237574
4308349 705775 702403 1447224 1452947
4669813 1402770 1407461 928904 930678
3165038 632891 626427 948963 956757
2852073 806890 799195 626037 619951
2785024 397912 392268 996952 997892
1617804 393305 400850 412128 411521
1883067 607579 596289 345633 333566
3614992 505683 504860 1304142 1300307
3942657 813472 816935 1155369 1156881
2749646 572303 571091 801870 804382
2465610 857726 876937 359233 371714
5128774 920243 921804 1645025 1641702
3010111 799191 805499 701459 703962
2968598 788966 791981 694660 692991
3110487 534913 534190 1022231 1019153
1543805 418444 420049 353840 351472
3632260 648378 651804 1166828 1165250
3018755 570648 566378 949816 931913
2907495 683711 681741 764753 777290
3530383 786278 792040 973982 978083
2864304 609005 607177 823732 824390
6060298 879649 882900 2152661 2145088
2791088 578442 577139 817737 817770
4384427 936411 930587 1260195 1257234
4110554 1472503 1463946 592600 581505
4191139 1498710 1485071 611079 596279
2124771 574803 554961 482437 512570
5697240 1405006 1404598 1443842 1443794
5371077 1327725 1324670 1357633 1361049
2129237 432404 431035 635424 630374
7121665 1731832 1740731 1819155 1829947
1746329 597348 599072 273580 276329
3842635 1003177 993001 917229 929228
3622844 870782 852893 983128 916041
2105744 584404 583157 465221 472962
5063892 1252181 1255590 1279924 1276197
2582886 589546 580149 704718 708473
9446314 1446919 1435776 3281916 3281703
5208602 857357 857710 1750098 1743437
3261604 580530 576129 1048147 1056798
1755993 576183 574244 304253 301313
3742776 513613 516115 1355388 1357660
1413462 373615 371684 334201 333962
1809823 488254 486503 420366 414700
4717338 1162728 1161107 1195763 1197740
2598144 846920 844205 454935 452084
2957635 665167 668227 811830 812411
2264603 456667 457728 673672 676536
5346659 1209722 1211125 1473277 1452535
6196199 1319360 1316212 1779497 1781130
3768695 699838 695461 1182351 1191045
8078757 2014613 2009188 2026748 2028208
6359369 864238 869744 2317542 2307845
2329769 512431 516332 649781 651225
1560622 452769 452260 328909 326684
3889038 661307 667447 1279310 1280974
5322497 692029 692666 1972021 1965781
3032624 938527 943025 573487 577585
2722022 878688 883713 479694 479927
1443806 499935 494605 225951 223315
2937203 985807 992664 479215 479517
2350911 737714 728405 441612 443180
1743135 484767 491384 381860 385124
2196266 615993 610942 487587 481744
5458505 1158247 1157355 1570098 1572805
2146611 642677 645737 429355 428842
3311395 535593 531993 1122500 1121309
4077095 1286046 1277880 760366 752803
2744800 470756 466003 900717 907324
1360154 357321 359283 321853 321697
1500577 395454 400894 349999 354230
2451061 799647 814499 413990 422925
3751858 723894 723542 1151818 1152604
10148695 1456718 1440447 3612627 3638903
2234389 767820 771266 348195 347108
5386352 1336274 1328728 1360974 1360376
3222077 931550 919964 685965 684598
6841557 1093868 1086267 2318413 2343009
1578097 451407 456546 341257 328887
3003656 635943 639357 866881 861475
4079427 971327 1003768 1093901 1010431
3805573 883879 881833 1016853 1023008
2847757 471312 478740 948250 949455
3805874 884503 881415 1021445 1018511
2012424 572776 581989 428659 429000
3750771 866230 874061 1013494 996986
2791769 713226 714314 685330 678899
4962098 1371241 1371987 1108518 1110352
5128187 1636611 1634226 933991 923359
3384766 693108 690783 1008134 992741
4720284 764080 761754 1595139 1599311
5097447 1570374 1583333 966823 976917
2042570 648455 640646 381836 371633
5314580 1200440 1202457 1447061 1464622
1328194 439979 441696 220689 225830
3516334 1085728 1081122 677354 672130
3730944 673482 677043 1191234 1189185
1863286 543316 543509 389155 387306
5423075 1262262 1250703 1443442 1466668
3241804 1164078 1178079 445628 454019
4189976 577496 577715 1515332 1519433
3157527 521225 527349 1057651 1051302
2477838 494994 500728 741869 740247
1580347 487633 510541 285234 296939
3650813 873420 860927 966746 949720
2306092 758307 756331 398447 393007
5767958 782352 784846 2105941 2094819
2616384 428064 428381 878125 881814
4765023 764030 766270 1615259 1619464
1986154 469430 461416 523391 531917
3260398 518878 519917 1112418 1109185
4432510 1235868 1239563 986823 970256
2952962 971329 980578 496240 504815
2146480 479617 477428 591728 597707
2088772 625910 630791 414099 417972
2242317 705471 715512 402678 418656
1673997 515842 508729 328018 321408
4152543 1273526 1270651 803510 804856
2809105 491706 492604 912778 912017
3520618 595459 586097 1169962 1169100
3638969 700565 725459 1136928 1076017
1686510 377077 381104 467479 460850
3328570 829045 831328 832251 835946
10236715 1472594 1466081 3644933 3653107
1954080 619898 617753 358809 357620
5513887 1009472 1008359 1748179 1747877
4630065 1600281 1589559 724314 715911
2337913 558629 559239 607156 612889
2586443 925553 939350 358923 362617
2861848 763926 766853 664631 666438
5196054 1677616 1680064 915012 923362
4377043 900367 892592 1298472 1285612
4653970 1191501 1183646 1138528 1140295
3655731 624017 629771 1198802 1203141
4587455 1034891 1109351 1300023 1143190
1496453 319285 320937 426519 429712
3445263 543581 544340 1181031 1176311
2280035 607343 605177 536750 530765
2469596 785061 779890 455625 449020
3604167 1077471 1078068 720440 728188
7025559 951412 957985 2559947 2556215
2567513 832644 830046 453895 450928
5262222 1793490 1826424 807962 834346
3162471 750496 743619 837205 831151
2785752 915835 919627 476284 474006
2902643 574003 568010 879011 881619
1875953 604398 602092 337311 332152
3868304 1228213 1209691 701267 729133
4027674 1126657 1133244 882633 885140
2240043 672096 681033 440196 446718
4922776 1074449 1076970 1381670 1389687
2153198 703197 691305 380795 377901
2843290 753786 741808 674621 673075
2456520 809120 799432 428475 419493
4279159 848677 853595 1290264 1286623
3859257 784494 786745 1148769 1139249
3980199 1078283 1067747 920529 913640
3254376 900230 903456 721624 729066
1629551 492899 502064 314345 320243
1658050 505273 507811 320507 324459
4024983 892740 896447 1118217 1117579
2715461 907013 904207 451270 452971
2186882 406900 407529 686228 686225
4814049 1032570 1036600 1372293 1372586
10260756 1670467 1668522 3467047 3454720
4316707 1129704 1136675 1016139 1034189
2776084 531250 531331 857263 856240
2046464 666468 673260 352392 354344
2214656 414264 412546 693287 694559
4168266 1182617 1184154 899536 901959
2506025 576198 584400 675663 669764
1667350 488860 488822 347339 342329
3840330 1083270 1066692 850424 839944
2809157 895532 898806 501335 513484
2613117 876562 870010 435002 431543
4059653 1202284 1216716 815359 825294
2265943 456280 451320 679856 678487
4014469 756358 759167 1249662 1249282
8815781 1219199 1221538 3185199 3189845
2883282 938757 932872 506181 505472
2825173 902469 902600 516457 503647
2793461 544844 538904 854406 855307
2067692 641665 636260 401087 388680
2125753 533041 539237 525331 528144
2820544 548991 549226 859202 863125
2862391 637964 637573 794681 792173
2155121 703294 697317 378867 375643
2220606 533832 525952 580974 579848
2187805 701328 704180 392794 389503
4511574 1450393 1459021 799289 802871
2574824 709099 707202 579999 578524
1275752 420110 405305 216765 233572
2010078 588109 582624 419555 419790
1672680 463222 464971 375764 368723
5547747 887837 895336 1882443 1882131
6962533 942479 948719 2543711 2527624
2073256 440303 445197 594642 593114
3008576 669276 667780 832071 839449
4681672 1482397 1489437 863765 846073
5404117 935936 931657 1766473 1770051
2928377 644692 640610 823802 819273
4368708 985696 988061 1197882 1197069
3629109 678431 680236 1132931 1137511
1695860 531748 529544 319180 315388
3628883 860240 866168 945212 957263
1985832 614199 612552 371726 387355
2007018 621673 618189 380710 386446
6550056 1096281 1099316 2178428 2176031
1522743 485648 493065 271592 272438
3998906 1105614 1105083 893364 894845
4956246 1636970 1646342 836911 836023
2101285 486587 481855 568032 564811
3498530 527094 528587 1223284 1219565
3532378 817682 812522 949898 952276
1314639 305753 310265 345215 353406
2344824 772018 763751 408824 400231
3851869 792628 789428 1133582 1136231
2346803 414035 410044 759217 763507
4093599 1149078 1149588 896711 898222
4864217 1164974 1152946 1273956 1272341
4309153 847101 854416 1321905 1285731
2385164 470791 475411 717598 721364
3982034 590592 592932 1395833 1402677
2272954 726687 729783 407887 408597
3316466 847486 848079 806298 814603
4392288 1244368 1243488 940616 963816
2147060 363377 363131 709797 710755
4242803 1131409 1132180 988691 990523
3406739 911985 915724 784021 795009
6006602 1305831 1310126 1688094 1702551
4635236 1475049 1464498 854045 841644
2823930 585601 577512 823794 837023
1541968 502641 500431 271171 267725
3749411 605549 610041 1259514 1274307
2356407 736092 733163 443042 444110
2583753 824551 833478 459196 466528
4649365 762992 761155 1582652 1542566
4714237 1551051 1545041 814504 803641
6226409 1825730 1841516 1276853 1282310
1936063 393528 387575 581944 573016
1694430 530993 528462 318088 316887
1901943 500556 506542 447051 447794
6843248 1340209 1343075 2081424 2078540
2731853 838562 823409 535225 534657
2269167 362340 362073 775050 769704
3282536 772547 773819 868763 867407
2115681 419231 418717 639360 638373
5434353 1018765 1018686 1698966 1697936
3008626 736128 737185 769254 766059
4995263 795695 803629 1700056 1695883
4551783 942444 936576 1333518 1339245
2773157 998397 984697 397176 392887
6673976 972386 972776 2357500 2371314
3883605 836613 836439 1106629 1103924
1861320 532485 533302 396428 399105
3389993 1061707 1064187 629211 634888
2186370 519206 520014 576922 570228
8371686 2215238 2210611 1975953 1969884
4325599 547111 546784 1617028 1614676
1891014 653811 642904 303732 290567
2759867 866848 857122 518086 517811
3135972 881763 891569 680071 682569
2143887 684691 697091 372907 389198
3899940 1083690 1089156 862409 864685
1854197 641433 613860 313620 285284
6685842 1110569 1114616 2232303 2228354
4738809 891896 897277 1478070 1471566
2339897 598480 610249 571330 559838
5051681 1224119 1235542 1298382 1293638
3601386 810312 814473 982031 994570
2546541 819637 816980 455780 454144
4059867 1001990 993941 1031028 1032908
1932455 514922 509661 452820 455052
3307740 431564 432162 1220458 1223556
2100077 658386 656716 392363 392612
1787941 565271 569066 326026 327578
2113023 659325 657175 399682 396841
3073078 809390 810366 724103 729219
5683123 930583 929643 1913351 1909546
1662525 587222 588205 242650 244448
3296168 1151995 1128188 509719 506266
5323186 796120 798885 1864807 1863374
3893306 1099468 1082674 860727 850437
5280349 1190289 1193942 1446996 1449122
3668009 624889 622902 1211112 1209106
3526441 460564 462909 1300344 1302624
2526590 780343 778708 487144 480395
2601311 555797 560376 739274 745864
1746154 471578 471271 402452 400853
6884444 1275452 1280917 2181706 2146369
1634377 569130 565332 253558 246357
2606374 606069 608510 690762 701033
3595748 672745 676543 1122918 1123542
3942462 1362716 1360451 611219 608076
8663821 1796949 1808653 2518323 2539896
2035931 677649 689154 351042 318086
2264398 692128 688373 445131 438766
1989865 560971 551473 433422 443999
9003593 1316702 1328092 3185508 3173291
4505211 964466 963486 1287397 1289862
5984790 1130647 1124277 1862292 1867574
1877273 576466 589250 335489 376068
2835737 695757 701113 718851 720016
3551206 770632 764835 1002738 1013001
5521712 1571823 1587722 1183373 1178794
2607120 834353 832062 469207 471498
1746693 591958 579361 286368 289006
4482059 770271 770556 1467876 1473356
2932225 565468 568757 899177 898823
5186889 1050871 1046907 1543474 1545637
1278468 433878 431353 208927 204310
2190731 659223 659731 434803 436974
1642505 589004 590078 234708 228715
6221273 1929800 1918302 1186539 1186632
1843267 415838 415399 507020 505010
3207552 698128 694132 903913 911379
4544477 751869 752817 1520034 1519757
7414440 1041443 1053273 2661992 2657732
2785056 907481 921143 473856 482576
3225536 575695 571971 1037528 1040342
4812833 1111576 1109528 1294255 1297474
3592125 918915 931143 859982 882085
1298316 423488 424287 225720 224821
4967469 871490 871102 1612468 1612409
2928879 918934 922393 541398 546154
1536606 552382 554968 215220 214036
3552226 952635 948264 829904 821423
2481983 561071 562945 677503 680464
3136818 611925 614051 957344 953498
1638553 506668 504101 315166 312618
4207222 1181996 1181475 922635 921116
1841542 409052 417280 504503 510707
2487765 617595 625775 621247 623148
3944837 761825 762086 1160521 1260405
6283062 846613 853588 2299040 2283821
1967774 522545 519241 472120 453868
2522885 502882 504425 755654 759924
2136805 596618 590957 469964 479266
11936683 1750904 1740028 4216945 4228806
5863081 1682307 1668157 1270484 1242133
3596620 861727 854752 942430 937711
4000057 1188649 1202045 806040 803323
3862530 1180091 1182849 751737 747853
6415739 1106717 1107321 2103441 2098260
1829111 579996 575636 338545 334934
3405521 905786 899959 803247 796529
5974108 1313866 1311840 1675753 1672649
3806980 658660 659787 1250415 1238118
3021538 470943 477631 1039377 1033587
3435933 1079408 1093913 630131 632481
2988332 483638 484431 1013043 1007220
4897678 1552325 1596041 847124 902188
4200534 810314 810217 1290851 1289152
1931012 590529 656026 295984 388473
1275089 431621 429048 209712 204708
6692865 1862754 1866935 1476489 1486687
2467972 531445 530602 713321 692604
2130034 663033 665527 400166 401308
2231407 807308 773521 337480 313098
4394985 755118 756097 1446851 1436919
5221581 1677469 1685556 924495 934061
5373121 1516915 1523463 1164365 1168378
5222906 1685375 1689975 919389 928167
2337938 558630 559263 607133 612912
2426551 563649 566312 647413 649177
2449071 565529 569594 656831 657117
4019858 1074915 1075446 936121 933376
2433326 563678 565564 650814 653270
2427148 563754 566467 647523 649404
2478364 573313 579054 662478 663519
2484332 575510 580859 663467 664496
2530683 585544 586036 679588 679515
2395441 556253 559127 639420 640641
4613747 1456175 1438690 860800 858082
2535346 588404 587459 678549 680934
2485519 574561 579812 665108 666038
2499189 580561 581477 667202 669949
2468612 568925 573762 663798 662127
3858580 671395 671029 1261363 1254793
4350384 746900 747210 1424901 1431373
1896561 589304 590884 361765 354608
2349518 697775 701662 473166 476915
4878012 1166383 1166120 1271085 1274424
4305709 804577 805454 1342948 1352730
4768352 1141055 1144705 1244732 1237860
2436033 546564 547653 672299 669517
6194645 980643 978966 2115232 2119804
5288069 1419812 1419205 1226049 1223003
4920168 1209446 1209411 1252963 1248348
1263659 424097 427525 207316 204721
2310415 552218 553333 599285 605579
1968651 669514 663278 323595 312264
4270980 736524 737749 1395284 1401423
8739048 1813205 1830152 2538939 2556752
1892744 643997 638177 309299 301271
2762783 932878 935083 449615 445207
4875340 656547 662330 1782713 1773750
5402402 858868 864454 1841817 1837263
5409695 861024 864861 1843789 1840021
5501090 876549 879687 1873141 1871713
2955294 889529 931980 545889 587896
2993089 1020507 1033243 471286 468053
4380119 752683 752856 1434396 1440184
2402218 719089 716922 484263 481944
1427349 483456 480447 233489 229957
10080619 1521243 1513333 3532007 3514036
2337657 558578 559167 607087 612825
3603458 657227 661790 1146318 1138123
3876036 682982 683580 1250178 1259296
4242767 1146176 1151081 973578 971932
1275720 431882 429207 209846 204785
5043253 725927 724354 1798204 1794768
5216329 1083769 1066313 1529074 1537173
3803225 508555 507370 1395901 1391399
7231841 1293868 1288042 2324989 2324942
8773466 1279800 1280027 3107131 3106508
2559538 641505 637047 637398 643588
2166381 662932 661261 421869 420319
3285855 690920 696823 946004 952108
2907287 683688 681645 764685 777269
2904624 683075 681105 763952 776492
2904642 683087 681100 763961 776494
2906044 683390 681419 764391 776844
2907267 683682 681644 764677 777264
4983968 1544740 1533405 957995 947828
2907309 683695 681647 764693 777274
4626944 1218492 1204551 1085600 1118301
1742932 484707 491320 381820 385085
3940614 1198243 1198899 780917 762555
4553770 1188757 1198215 1089645 1077153
3991133 1216155 1216975 781729 776274
4159517 1488846 1483638 597944 589089
4047729 1448027 1439077 585145 575480
4306425 1536634 1525714 627971 616106
4179867 1491649 1489775 601826 596617
4118572 1474625 1465685 594976 583286
10236779 1472662 1466137 3644885 3653095
2256675 822663 823181 303354 307477
3937511 1051565 1081571 889263 915112
3995227 1086429 1082764 913500 912534
3939203 1051527 1082694 889728 915254
2945673 1078894 1084298 388077 394404
4011948 1124385 1127659 880801 879103
4001251 1127997 1129366 872054 871834
5355484 1725249 1726922 950487 952826
5486830 1772072 1773746 970566 970446
1942198 383124 384407 586804 587863
1943113 383280 384534 587119 588180
1938583 382398 383674 585668 586843
1944050 383439 384687 587408 588516
2327492 479948 480678 684207 682659
2828958 568749 566679 850201 843329
2385298 480096 478618 715072 711512
4124235 665938 664839 1400967 1392491
3304788 1199089 1206180 448159 451360
9207384 1674281 1671169 2930285 2931649
2243772 351640 352771 771844 767517
1657754 576495 573929 252098 255232
1639102 570792 566383 249232 252695
1704715 593683 590864 258672 261496
1608431 577924 579109 228684 222714
3940230 1361955 1359712 610825 607738
3993072 1410132 1452769 553973 576198
3919740 1390775 1423281 545317 560367
2335113 557923 558449 606448 612293
2328208 556208 556927 604863 610210
2337730 558600 559182 607109 612839
3561619 1082211 1085102 696966 697340
2335323 557990 558571 606449 612313
2337606 558571 559137 607068 612830
2320595 554760 555763 601898 608174
2279118 544063 545525 591752 597778
3684607 740723 740237 1101458 1102189
3532052 652227 649878 1116142 1113805
2988673 931837 936750 561337 558749
2739625 851473 853872 519099 515181
2595881 862595 855450 444252 433584
1568826 476943 480968 303000 307915
1588278 482122 487166 309953 309037
1549666 469098 471568 303157 305843
1635448 495198 504653 315973 319624
1560341 472971 477005 302466 307899
1566655 477210 480532 302210 306703
1653912 505947 511241 317511 319213
1624643 492040 500351 313435 318817
1570564 479551 481168 304357 305488
1578824 478057 487230 304376 309161
1609006 491043 494835 310971 312157
1575399 480399 482414 305239 307347
1709911 515482 525403 332186 336840
1675918 510603 513426 325073 326816
1548238 469045 470719 302972 305502
1617426 494794 496323 311674 314635
1607577 488037 492607 311016 315917
1624979 491407 500978 313082 319512
1646139 499593 507463 317327 321756
1562832 472877 475864 305533 308558
1589954 482741 490798 305135 311280
2766399 531661 528137 850461 856140
4138388 1260486 1262962 810308 804632
4025285 935017 939917 1079119 1071232
3909168 905137 907121 1044089 1052821
3843004 1003357 993117 917262 929268
1945310 656165 660349 310840 317956
1913619 647420 643569 307603 315027
1932306 599608 596910 369671 366117
1819370 563685 564021 346106 345558
1892681 643676 638426 309917 300662
3714272 720585 726795 1135867 1131025
2309262 802093 807610 350556 349003
1726517 507371 507309 356034 355803
3148033 821984 821837 751653 752559
1319206 408309 416535 244710 249652
2337628 558741 558959 607016 612912
3658997 1206938 1210447 620768 620844
2096775 514613 502543 541915 537704
2145899 678196 678268 393108 396327
1872918 470557 471893 465055 465413
1894401 588820 582911 367976 354694
3039042 815470 814660 705738 703174
3069925 824769 822612 712937 709607
1966342 644263 638160 343869 340050
1826378 615686 609266 301941 299485
3005051 797721 804214 700089 703027
2399458 776944 776951 424436 421127
1963964 601893 600701 382840 378530
2960339 785879 790103 691959 692398
2452616 783903 788731 439723 440259
2277550 555143 551165 583259 587983
2242947 540971 542592 582122 577262
4421911 945671 949559 1266978 1259703
2154835 505244 516985 572128 560478
2227255 534099 538477 578943 575736
2184862 527990 527690 567788 561394
2223518 540968 538837 569615 574098
2250449 548004 545604 575272 581569
2240883 545820 542209 573743 579111
2287766 555155 554434 593648 584529
2248966 544376 550108 584162 570320
4405981 758316 757640 1442068 1447957
4398812 756357 756259 1440745 1445451
4398525 756321 756804 1439455 1445945
2682626 820661 827050 523911 511004
2682626 820659 827049 523912 511006
2559043 501601 505961 776391 775090
4406587 757641 757408 1443054 1448484
5731541 1097351 1095442 1768533 1770215
2560282 510707 513146 767317 769112
2976163 920522 918953 565112 571576
3539447 660729 666131 1106669 1105918
5259564 1117880 1114720 1515929 1511035
5864546 1603960 1612218 1317382 1330986
2903106 899950 899048 547458 556650
3000464 932448 931957 563625 572434
2973801 925755 919065 561874 567107
2488626 506443 488012 732576 761595
4750340 1137185 1133937 1239702 1239516
4630707 1138450 1139399 1178024 1174834
5241977 1296246 1295232 1322066 1328433
5108383 1260702 1257754 1294932 1294995
5131397 1271011 1264723 1297349 1298314
4992438 1228763 1238238 1270377 1255060
5153435 1270566 1267125 1307177 1308567
4747816 1171510 1170099 1202162 1204045
4900967 1204718 1204420 1243673 1248156
4621430 1136926 1135470 1172881 1176153
5186406 1278898 1276810 1315412 1315286
4971461 1215075 1212675 1271726 1271985
5313531 1314034 1313083 1339922 1346492
5038386 1247336 1243675 1272945 1274430
5038386 1247334 1243678 1272945 1274429
5263980 1306489 1301045 1328547 1327899
5021811 1233738 1237758 1287590 1262725
4935294 1215201 1208610 1253385 1258098
4897452 1203745 1203487 1242830 1247390
4769156 791720 793824 1592821 1590791
2714534 906950 913332 447725 446527
2901562 902235 895467 548041 555819
5218947 1682700 1690499 917141 928607
4402109 1296052 1289503 906332 910222
1599280 483537 491139 307459 317145
1833666 590766 590877 309809 342214
1947646 638062 636967 334236 338381
1665719 505440 514470 321134 324675
1616909 491051 497465 312900 315493
1663456 507136 511354 319527 325439
1660685 502467 510245 323912 324061
4120406 1155006 1155439 906176 903785
2832299 946395 955941 465267 464696
5202069 1633162 1628091 974192 966624
3137139 456832 459149 1108857 1112301
9239851 1328228 1322017 3296037 3293569
1932693 380681 383227 584074 584711
5164411 1282263 1280969 1300870 1300309
2309067 644776 641060 512023 511208
3964912 1208476 1205573 774432 776431
2697465 705888 702259 632271 657047
3137192 864541 868802 706071 697778
1938595 382397 383681 585667 586850
1938822 382460 383726 585726 586910
2171601 634768 633112 453610 450111
5386221 1333901 1331610 1362009 1358701
1847202 621848 630254 326192 268908
5962570 1186088 1197046 1788781 1790655
4238624 1145138 1149894 972554 971038
1848520 565957 560586 360356 361621
4268675 914905 915830 1218563 1219377
2974229 807234 815175 687619 664201
2948884 574544 571944 902435 899961
1736885 501515 500784 364406 370180
1356318 301633 300014 379810 374861
3919492 622507 626047 1335657 1335281
2698137 834193 834579 516936 512429
6085449 1162367 1163941 1883607 1875534
6476459 1227329 1227783 2008570 2012777
2510109 774562 761162 484433 489952
4196595 1331389 1320308 771749 773149
5017071 939261 936774 1571918 1569118
1950313 431170 430527 543389 545227
2399175 757610 748649 450716 442200
4321753 1190307 1187990 972256 971200
4919337 1705500 1704989 751453 757395
4384015 1015691 1016967 1173749 1177608
2160700 567471 556783 517014 519432
6500104 1622718 1622294 1629597 1625495
3969327 1221444 1215597 768649 763637
1933610 604459 599946 365192 364013
4399120 755866 756912 1448116 1438226
6402658 1079231 1080370 2118544 2124513
1909817 558694 572164 388162 390797
2579188 602754 600241 686722 689471
1732123 543758 541566 325192 321607
3467254 1071381 1065668 665480 664725
3449360 584650 586041 1139333 1139336
1961306 535697 519260 439644 466705
4174115 764032 771474 1327543 1311066
6260697 1201150 1213598 1930834 1915115
2987450 926428 941102 556487 563433
3697622 663258 658678 1188543 1187143
2789774 543698 554356 848819 842901
10246920 1474062 1467675 3648548 3656635
4063864 932446 931458 1101711 1098249
3758274 754391 757395 1122856 1123632
6988207 1140151 1137807 2352970 2357279
3821831 768687 766112 1140550 1146482
1441139 409151 408116 311199 312673
3773444 691132 691654 1196521 1194137
5083176 1640144 1633383 906809 902840
5886036 1909443 1906788 1034496 1035309
5495278 1772578 1784890 963487 974323
4873567 1422352 1414840 1022546 1013829
4043846 655251 651470 1365075 1372050
4146839 1167553 1170961 902694 905631
1664280 578982 576331 252989 255978
5386705 1145401 1148584 1545783 1546937
5848211 891727 883213 2036423 2036848
1980887 583600 577205 403237 416845
2129203 673552 672192 389578 393881
4736495 895579 889284 1476012 1475620
1587646 489027 483299 304439 310881
5441391 878810 875178 1845040 1842363
2951805 919024 911314 558110 563357
2941360 914914 908954 555661 561831
2976958 925996 921771 560447 568744
2966146 919893 916778 560043 569432
2972810 925491 919032 561478 566809
2972172 925291 918831 561401 566649
2840185 878725 874679 539994 546787
2936589 914212 906132 555819 560426
2907142 904436 897703 549843 555160
2129934 646155 636315 439424 408040
2859855 1035690 1031037 402342 390786
2309519 746416 753106 404037 405960
2500564 695973 695112 554283 555196
2064154 620386 622118 407908 413742
1893499 600998 598020 348339 346142
4653851 1288432 1284746 1041468 1039205
3075779 826198 824288 714329 710964
2912346 904782 899036 550323 558205
1343202 476776 481842 191230 193354
1410127 479567 475606 226594 228360
2063112 668038 659606 368893 366575
2406157 546006 547574 658837 653740
5253138 1292048 1295393 1334564 1331133
1662740 545949 548623 283169 284999
1714390 567449 572330 286175 288436
5273097 1298006 1300875 1338990 1335226
5312586 1307548 1310539 1348067 1346432
3105335 1090082 1085682 467949 461622
2815863 739270 739594 670365 666634
1645096 516997 515445 305092 307562
4601785 1270439 1269166 1032392 1029788
4629479 1283931 1279410 1035938 1030200
9436348 1507163 1508026 3211494 3209665
2484635 742163 742574 500621 499277
4928223 943869 947013 1514755 1522586
4480507 1239085 1242765 1001381 997276
5414494 1751374 1745768 958255 959097
3679105 685957 684616 1149493 1159039
2569486 830936 820774 465864 451912
2519002 502015 504095 756191 756701
5196935 913248 909914 1688808 1684965
2151145 647623 654104 422424 426994
2873227 748207 735190 696880 692950
4321832 1401609 1428098 740143 751982
8217002 1129306 1131931 2978817 2976948
4887379 787541 784793 1666497 1648548
5091817 805132 803202 1741230 1742253
3069953 825582 874970 647702 721699
2939057 677257 678116 789932 793752
3072769 852701 849279 685301 685488
1837281 562521 566753 353750 354257
1667841 505404 514086 321275 327076
1667848 505402 514081 321279 327086
1820886 590670 582739 324288 323189
2072393 325635 326061 710943 709754
3656166 572688 568996 1256791 1257691
3602424 789414 786751 1009141 1017118
3701116 1203946 1220659 630404 646107
2250427 723576 719423 406566 400862
1886888 637431 642408 307204 299845
1894157 640038 645055 308205 300859
2904661 903072 896726 548914 555949
1614447 487929 500112 310242 316164
1481189 489228 486208 251214 254539
9360652 1300723 1302468 3379122 3378339
3342364 527179 518741 1146101 1150343
3697276 948096 955379 901038 892763
7120760 2057831 2055283 1501598 1506048
5125950 1447674 1429657 1119238 1129381
4986817 1368246 1364862 1126756 1126953
7689443 2008824 2020360 1830459 1829800
6315792 1752216 1756821 1401046 1405709
3510253 1041677 1042720 711464 714392
4681111 970579 973810 1370867 1365855
7479014 2029941 2018625 1717955 1712493
7470429 2006682 2011302 1724150 1728295
5041209 1612384 1616346 908247 904232
6861831 2065116 2065560 1363703 1367452
5315554 1592268 1588450 1060711 1074125
7003560 2021104 2019780 1480847 1481829
2810675 867912 882687 528543 531533
6395836 1961115 1953384 1241193 1240144
4114099 1335889 1339990 717037 721183
3163381 972419 967850 610901 612211
4179170 1199645 1185719 897037 896769
3781008 1092085 1084325 801086 803512
1568329 549871 547344 238079 233035
3788356 718771 711882 1180617 1177086
3881839 697654 700803 1243752 1239630
9629675 1810822 1822834 3002929 2993090
4002352 672331 668560 1323346 1338115
3624449 1013940 1007853 800809 801847
5875750 1105230 1092397 1831212 1846911
1504659 486257 486423 265935 266044
4048921 695982 695158 1328685 1329096
1437090 400443 402467 316151 318029
2820858 634194 629665 777632 779367
4431254 762700 763119 1449507 1455928
4522958 779277 779176 1478770 1485735
2761252 867312 857585 518295 518060
3790479 663871 665379 1229006 1232223
3223876 574240 575522 1037566 1036548
4419371 761025 761996 1445367 1450983
2783395 912825 926979 467984 475607
6200534 1151860 1152032 1961489 1935153
4013216 704045 703157 1302727 1303287
2428904 694482 699123 519356 515943
2649255 895898 893519 431939 427899
3837060 772085 767393 1140223 1157359
4858215 1005776 992810 1429116 1430513
2166321 699234 708059 377660 381368
10350586 1601083 1587707 3586073 3575723
1457567 487706 484693 243935 241233
6208955 1071673 1063275 2031162 2042845
2974370 857171 860679 625625 630895
3914632 1271809 1260359 691910 690554
2486042 842014 830259 408037 405732
5419609 1220143 1219522 1491822 1488122
5512241 1077751 1080442 1675191 1678857
5241455 1062782 1057159 1561404 1560110
3203964 884830 888590 714442 716102
2316065 418088 410232 741901 745844
5646799 1840692 1813991 1015200 976916
4061186 1139625 1140337 891151 890073
2223983 701678 705953 408676 407676
4344092 934904 937332 1236071 1235785
3569561 931121 934607 853152 850681
6530257 2326767 2274360 986533 942597
1596490 462923 465599 335345 332623
1802699 560170 542530 350508 349491
3135746 494054 495442 1073955 1072295
4634161 1106037 1108628 1212243 1207253
5491931 1773426 1775208 971797 971500
1431902 378790 379090 339142 334880
1452335 382325 383280 343360 343370
2912573 516526 516685 942552 936810
3427945 990392 981427 728789 727337
3644098 910689 913033 911446 908930
3910324 1042599 1045536 911885 910304
1552931 499837 513418 270379 269297
2045720 550730 552140 470207 472643
3799534 929719 926752 970276 972787
2421471 783763 787668 426272 423768
2358861 669400 666446 510753 512262
2839551 674642 677237 747118 740554
4215610 1188066 1193132 915124 919288
1616617 493576 496924 311702 314415
1591278 486197 488010 307035 310036
5413691 1610214 1618232 1091166 1094079
2407846 713091 706443 495907 492405
5081166 886784 886475 1660831 1647076
2422684 501258 498507 710416 712503
3976195 971383 971581 1013924 1019307
3309400 764537 764327 886069 894467
4830181 793237 786597 1629074 1621273
4225490 686513 688704 1423251 1427022
2291643 455041 459080 691071 686451
3704285 1131222 1128561 725611 718891
1285849 404426 410677 235924 234822
2240130 690320 690866 430092 428852
2776514 860308 858048 524987 533171
2776846 860471 858266 524928 533181
2759328 922555 930279 453972 452522
3052410 933790 939886 586490 592244
2458608 550867 556419 674746 676576
2657841 772262 771510 557381 556688
5321499 945011 932724 1703488 1740276
2961474 1031253 1024352 455555 450314
4021944 1126761 1129998 882270 882915
2658332 780698 787446 539399 550789
2544668 750784 751211 519098 523575
3920328 1051107 1041345 908812 919064
9840102 1376576 1374743 3543399 3545384
5200279 1167906 1158870 1427167 1446336
6421009 1078490 1077465 2131101 2133953
6841649 915889 909376 2502963 2513421
3427276 982295 976447 734477 734057
3050979 1056894 864153 637840 492092
2441038 598129 610036 604350 628523
2513381 585343 584638 693827 649573
3248271 709172 693370 930730 914999
3608868 942259 852068 982506 832035
5398151 1190474 1190963 1509363 1507351
1295804 420642 420447 226108 228607
5366370 917423 924556 1767167 1757224
4852606 1163221 1157135 1247652 1284598
2076931 589848 589039 443101 454943
4815602 1491660 1496221 916461 911260
7905758 1122958 1131814 2833470 2817516
1991579 650641 649735 351398 339805
4990707 1734715 1729994 766624 759374
4855529 1319259 1327443 1101895 1106932
9228054 1319034 1328395 3301880 3278745
4369016 749231 749340 1432554 1437891
4392876 756374 756164 1437454 1442884
1838867 596893 589663 326368 325943
1869612 504103 500837 438662 426010
1599441 488860 489613 309200 311768
1601149 489490 490197 309220 312242
1692823 516997 517414 323330 335082
1657873 509426 508217 315568 324662
3033566 834335 840298 676174 682759
5266594 1119259 1134388 1516174 1496773
6867980 1261617 1252710 2171292 2182361
4414325 759293 758661 1445474 1450897
8948591 1390898 1382605 3081289 3093799
2261267 831112 817290 311636 301229
5000473 894905 894391 1600239 1610938
6903123 1128982 1122592 2316118 2335431
2839759 753116 750855 648588 687200
3055262 555379 560766 969435 969682
1292910 239348 238918 406716 407928
5024500 988135 980652 1529817 1525896
1739487 324933 324723 542170 547661
2149844 680608 679439 394185 395612
3455167 1065365 1068815 660279 660708
3350620 769785 773773 907871 899191
3350619 769788 773769 907877 899185
1931651 566490 568250 399884 397027
1752910 556209 559343 317371 319987
1998189 706572 711371 288782 291464
2109759 684499 677818 374327 373115
6870827 1319214 1319328 2117406 2114879
1947706 594039 594292 376985 382390
2029198 657954 654104 358915 358225
3044677 840511 841896 679017 683253
5328009 1168023 1163136 1495934 1500916
1935198 618692 610816 355763 349927
3079438 886509 885911 653896 653122
2980548 990489 1009011 480005 501043
4320974 1193911 1188914 971068 967081
4394955 1212469 1210879 987021 984586
4628378 1279019 1272213 1041516 1035630
4438745 1225116 1221311 1000940 991378
5521023 882782 886667 1876920 1874654
4381491 1206865 1202817 988626 983183
4442851 1227336 1224652 995119 995744
3113601 835011 838694 720163 719733
2883376 764667 769459 673417 675833
2990900 794331 797940 699720 698909
3951920 1207034 1205411 773618 765857
3906795 1191214 1190959 764387 760235
4001621 1223936 1222392 780893 774400
2501382 734805 737561 510804 518212
2702197 796557 795724 557663 552253
5238612 1170637 1168275 1447931 1451769
2681844 789558 791699 550053 550534
4822189 1149460 1153172 1263293 1256264
2988947 931183 922907 566238 568619
2943218 917542 907552 557181 560943
2981886 928763 920595 573293 559235
3094342 958753 959381 582091 594117
2953716 913361 918164 564842 557349
2947460 911913 916392 563560 555595
3032271 947788 934128 574847 575508
2958908 916275 919133 565131 558369
3034043 910940 972421 543722 606960
2953719 918167 913366 557351 564835
4683551 1138374 1140588 1202051 1202538
2145445 659103 654367 420763 411212
2253233 820158 823354 302428 307293
1477581 427101 435140 313690 301650
1481598 428539 436052 314968 302039
1604216 490962 490533 312670 310051
4284494 830992 826049 1297565 1329888
2787574 463768 465376 929628 928802
2613078 758385 761452 547295 545946
8272923 1129572 1137135 3008932 2997284
2818679 665613 661788 738203 753075
3846754 1182731 1179712 740401 743910
3079253 703333 706678 837660 831582
3613807 661979 661202 1142286 1148340
4071167 1094372 1096391 940433 939971
3446630 812809 811559 906831 915431
3889532 1036563 1036201 909171 907597
2889324 912028 911177 537693 528426
6281198 1181900 1176481 1958079 1964738
10246864 1474106 1467760 3648476 3656522
1622542 494995 501657 312125 313765
1600529 540789 548817 255208 255715
2268272 835881 817147 313008 302236
1996214 619961 626535 365116 384602
1696460 575688 587203 265662 267907
4408224 757256 757850 1443704 1449414
3130593 687958 686245 872257 884133
1742854 606661 603904 263395 268894
4835601 1188747 1187872 1226587 1232395
2427048 778602 780923 434224 433299
4984940 1228489 1228116 1264738 1263597
2043228 602573 596987 420433 423235
1595994 342122 348432 448625 456815
1963012 385543 387282 594383 595804
4707647 1124420 1123665 1231111 1228451
4109740 1111649 1112722 937209 948160
4035380 868249 868661 1150927 1147543
5166857 1094183 1095261 1489955 1487458
2862526 520352 525636 909705 906833
4933631 1182070 1180480 1283169 1287912
5107814 1825229 1818564 735712 728309
2991840 615267 608726 883751 884096
1992567 576222 577029 418853 420463
4352205 1510575 1488447 688342 664841
2589250 837413 836185 459902 455750
2987966 997230 1009611 489323 491802
2380421 773148 767995 422730 416548
5129938 1263653 1260753 1299988 1305544
3916828 1046923 1049981 910640 909284
9376071 1389944 1389585 3297249 3299293
1681789 576256 576449 264940 264144
5644569 1077575 1077048 1745750 1744196
1800139 611266 592090 302288 294495
2807472 989807 1008746 396095 412824
1789138 560765 560974 333952 333447
4940474 1585466 1596034 870981 887993
2169860 668945 660665 421010 419240
6528877 1107924 1089849 2149462 2181642
6002284 1937138 1939241 1061917 1063988
3022186 921779 933480 581369 585558
1660425 507175 507749 328090 317411
1998637 547235 527192 446622 477588
5435131 961466 956613 1763841 1753211
1887251 619002 617463 326900 323886
4302517 1041096 1057046 1097875 1106500
4762840 1142836 1137968 1239486 1242550
6580038 1112844 1108498 2175980 2182716
3763012 1147607 1145171 731886 738348
1858986 629556 629005 298800 301625
3782798 913483 907543 979668 982104
5438192 900194 900809 1817884 1819305
6024664 1639657 1638826 1368378 1377803
4397431 1214995 1211214 985314 985908
7012672 1382366 1388577 2120029 2121700
2061920 653881 659557 373416 375066
5945120 1116716 1113102 1856243 1859059
4046337 1106051 1120155 901628 918503
4144874 782350 777391 1291640 1293493
