1 0.0949041
2 0.131254
3 0.141032
4 0.129343
5 0.16153
6 0.24514
7 0.125045
8 0.128684
9 0.225128
10 0.10997
11 0.172903
12 0.205975
13 0.200768
14 0.188255
15 0.13763
16 0.135516
17 0.212676
18 0.160018
19 0.181868
20 0.142878
21 0.165044
22 0.10665
23 0.130998
24 0.180567
25 0.139699
26 0.134518
27 0.11697
28 0.224509
29 0.184925
30 0.251196
31 0.111345
32 0.142491
33 0.108157
34 0.126407
35 0.167362
36 0.126329
37 0.198994
38 0.146403
39 0.131957
40 0.148861
41 0.0891507
42 0.14648
43 0.146125
44 0.1394
45 0.146804
46 0.132628
47 0.279518
48 0.152427
49 0.337172
50 0.203967
51 0.125545
52 0.130373
53 0.378167
54 0.209249
55 0.142036
56 0.161589
57 0.224957
58 0.176164
59 0.163755
60 0.145988
61 0.138295
62 0.186459
63 0.231092
64 0.151395
65 0.127913
66 0.212517
67 0.132298
68 0.246898
69 0.12553
70 0.143783
71 0.143721
72 0.199657
73 0.174548
74 0.22796
75 0.12425
76 0.192431
