1 0.0952053
2 0.151682
3 0.151231
4 0.179622
5 0.218581
6 0.273791
7 0.147583
8 0.186796
9 0.27749
10 0.129406
11 0.232543
12 0.261572
13 0.228103
14 0.220622
15 0.154647
16 0.159512
17 0.2211
18 0.206819
19 0.246952
20 0.203532
21 0.213103
22 0.119964
23 0.153015
24 0.226864
25 0.146244
26 0.168234
27 0.157062
28 0.248834
29 0.203139
30 0.260675
31 0.124017
32 0.151555
33 0.135172
34 0.155768
35 0.205827
36 0.152935
37 0.22075
38 0.166935
39 0.171295
40 0.219692
41 0.156659
42 0.21786
43 0.180923
44 0.191337
45 0.18324
46 0.150535
47 0.283602
48 0.214087
49 0.373825
50 0.236468
51 0.101971
52 0.13706
53 0.448835
54 0.238719
55 0.198973
56 0.221813
57 0.278892
58 0.18139
59 0.184555
60 0.163144
61 0.15563
62 0.224547
63 0.275871
64 0.194027
65 0.0970137
66 0.195953
67 0.146891
68 0.263323
69 0.147881
70 0.157247
71 0.17264
72 0.236997
73 0.184516
74 0.22838
75 0.133927
76 0.309175
