1 0.0998595
2 0.160383
3 0.14043
4 0.181141
5 0.169443
6 0.240355
7 0.140296
8 0.12708
9 0.290381
10 0.168951
11 0.167563
12 0.222522
13 0.251329
14 0.17011
15 0.160127
16 0.172095
17 0.280678
18 0.265316
19 0.189203
20 0.212831
21 0.136514
22 0.113492
23 0.138033
24 0.202093
25 0.154744
26 0.203655
27 0.183185
28 0.26961
29 0.245768
30 0.282293
31 0.134007
32 0.136633
33 0.141889
34 0.146382
35 0.230154
36 0.188071
37 0.2031
38 0.156479
39 0.161903
40 0.18632
41 0.124898
42 0.213746
43 0.190377
44 0.192731
45 0.19681
46 0.148531
47 0.312873
48 0.207788
49 0.366455
50 0.251301
51 0.145717
52 0.140885
53 0.428087
54 0.232154
55 0.181984
56 0.219996
57 0.182933
58 0.168013
59 0.152594
60 0.160116
61 0.128422
62 0.223345
63 0.192923
64 0.0955826
65 0.095678
66 0.201988
67 0.181544
68 0.170733
69 0.157147
70 0.158334
71 0.228478
72 0.208056
73 0.217687
74 0.235675
75 0.127719
76 0.435192
