1 0.0575559
2 0.0736176
3 0.0892448
4 0.0661459
5 0.100965
6 0.102695
7 0.0701846
8 0.0686059
9 0.0777614
10 0.0711465
11 0.0680817
12 0.0819604
13 0.100296
14 0.0697345
15 0.0784248
16 0.0780637
17 0.108921
18 0.085032
19 0.075742
20 0.0910959
21 0.062492
22 0.0579258
23 0.0714212
24 0.0894249
25 0.0758606
26 0.0805662
27 0.0747423
28 0.121183
29 0.0865913
30 0.145624
31 0.058168
32 0.0803765
33 0.0682059
34 0.0807155
35 0.0969405
36 0.0916447
37 0.124953
38 0.0723994
39 0.0749692
40 0.0847531
41 0.0631116
42 0.0819642
43 0.0906721
44 0.0723379
45 0.0870731
46 0.0695637
47 0.170957
48 0.0976221
49 0.189333
50 0.116735
51 0.0698632
52 0.0716829
53 0.192854
54 0.125768
55 0.0955782
56 0.0657404
57 0.0745741
58 0.082114
59 0.101192
60 0.0747161
61 0.0862941
62 0.0807209
63 0.0781502
64 0.0635959
65 0.0744106
66 0.0951772
67 0.0809365
68 0.0818583
69 0.0731824
70 0.0722766
71 0.0818343
72 0.0854012
73 0.120492
74 0.169285
75 0.0723373
76 0.222471
