1 0.0882533
2 0.148364
3 0.14326
4 0.138542
5 0.163965
6 0.224067
7 0.138613
8 0.121339
9 0.268313
10 0.133659
11 0.134693
12 0.17917
13 0.224086
14 0.12617
15 0.155065
16 0.114748
17 0.244052
18 0.207783
19 0.176031
20 0.147908
21 0.144938
22 0.0918351
23 0.125245
24 0.184275
25 0.134186
26 0.147147
27 0.146261
28 0.24037
29 0.225666
30 0.310714
31 0.115057
32 0.135956
33 0.115472
34 0.146164
35 0.231219
36 0.168042
37 0.202159
38 0.15617
39 0.125735
40 0.166395
41 0.104617
42 0.185373
43 0.169687
44 0.168622
45 0.16688
46 0.147693
47 0.295819
48 0.179423
49 0.372491
50 0.232602
51 0.149086
52 0.154496
53 0.418381
54 0.215755
55 0.162751
56 0.201068
57 0.151299
58 0.156266
59 0.150001
60 0.157797
61 0.127905
62 0.20123
63 0.123613
64 0.11683
65 0.104994
66 0.245315
67 0.161945
68 0.184805
69 0.153128
70 0.15774
71 0.179929
72 0.193122
73 0.176359
74 0.232538
75 0.133878
76 0.321874
