1 0.0724391
2 0.0940372
3 0.115139
4 0.0962365
5 0.130538
6 0.14713
7 0.0931207
8 0.0870321
9 0.171703
10 0.103044
11 0.113087
12 0.120564
13 0.15981
14 0.100468
15 0.12055
16 0.0926622
17 0.144986
18 0.13043
19 0.124328
20 0.118754
21 0.0724767
22 0.0780475
23 0.0978673
24 0.144119
25 0.113585
26 0.119072
27 0.105008
28 0.163776
29 0.116806
30 0.195757
31 0.098561
32 0.106805
33 0.0895122
34 0.111149
35 0.147287
36 0.119154
37 0.160984
38 0.0986979
39 0.102893
40 0.122289
41 0.0944348
42 0.104215
43 0.118433
44 0.106257
45 0.13357
46 0.0991554
47 0.23193
48 0.136181
49 0.252578
50 0.153385
51 0.0903088
52 0.0898991
53 0.270196
54 0.172635
55 0.127972
56 0.103122
57 0.116534
58 0.119557
59 0.12421
60 0.114257
61 0.109801
62 0.126627
63 0.0865792
64 0.0909377
65 0.0851828
66 0.151948
67 0.10673
68 0.10611
69 0.102515
70 0.107167
71 0.117486
72 0.130426
73 0.153078
74 0.199644
75 0.0858129
76 0.221083
