1 0.110822
2 0.175343
3 0.15326
4 0.169079
5 0.177727
6 0.305573
7 0.14392
8 0.155859
9 0.286301
10 0.143573
11 0.20585
12 0.228323
13 0.201517
14 0.229024
15 0.141551
16 0.166923
17 0.285993
18 0.227395
19 0.212671
20 0.154088
21 0.137771
22 0.139111
23 0.153587
24 0.23248
25 0.141722
26 0.180055
27 0.153658
28 0.274002
29 0.210793
30 0.298793
31 0.159618
32 0.145297
33 0.14696
34 0.162748
35 0.238988
36 0.134706
37 0.216556
38 0.151629
39 0.181997
40 0.216438
41 0.11319
42 0.189895
43 0.188959
44 0.200245
45 0.163392
46 0.183783
47 0.305923
48 0.219132
49 0.377869
50 0.234782
51 0.137517
52 0.157821
53 0.447376
54 0.227703
55 0.192129
56 0.224455
57 0.303095
58 0.222856
59 0.173494
60 0.18825
61 0.137939
62 0.205358
63 0.22258
64 0.212843
65 0.0925286
66 0.184056
67 0.154302
68 0.280912
69 0.14783
70 0.143194
71 0.182839
72 0.228988
73 0.217318
74 0.226146
75 0.130699
76 0.316667
