1 0.0718582
2 0.0959953
3 0.109466
4 0.0958156
5 0.152494
6 0.174172
7 0.0961747
8 0.081223
9 0.174862
10 0.0934387
11 0.0921409
12 0.126954
13 0.174123
14 0.0903151
15 0.107714
16 0.0934831
17 0.149794
18 0.132625
19 0.128427
20 0.133273
21 0.0801522
22 0.0742785
23 0.0894989
24 0.125125
25 0.138745
26 0.113524
27 0.0964987
28 0.188335
29 0.121473
30 0.198483
31 0.0897753
32 0.110088
33 0.100269
34 0.112676
35 0.138524
36 0.12264
37 0.173527
38 0.0972122
39 0.097223
40 0.118471
41 0.0886907
42 0.113174
43 0.127818
44 0.104715
45 0.127856
46 0.0892344
47 0.226364
48 0.134167
49 0.277481
50 0.175378
51 0.0959269
52 0.0936835
53 0.278016
54 0.162712
55 0.125117
56 0.128127
57 0.110882
58 0.115
59 0.136237
60 0.111596
61 0.111365
62 0.129499
63 0.109009
64 0.0906652
65 0.092305
66 0.154826
67 0.114735
68 0.115119
69 0.105573
70 0.10534
71 0.125672
72 0.137386
73 0.164787
74 0.196314
75 0.105319
76 0.239055
