1 0.0917403
2 0.154401
3 0.149003
4 0.15487
5 0.175498
6 0.245081
7 0.137004
8 0.135679
9 0.253626
10 0.137525
11 0.141169
12 0.169714
13 0.261328
14 0.131021
15 0.149786
16 0.146247
17 0.247175
18 0.213066
19 0.170081
20 0.184592
21 0.116072
22 0.121272
23 0.141176
24 0.176466
25 0.167879
26 0.174011
27 0.152915
28 0.259223
29 0.165557
30 0.246582
31 0.121699
32 0.129288
33 0.142756
34 0.150064
35 0.224611
36 0.160803
37 0.205159
38 0.151639
39 0.141816
40 0.181902
41 0.108066
42 0.173176
43 0.174113
44 0.149672
45 0.170018
46 0.124468
47 0.287258
48 0.197296
49 0.381211
50 0.22895
51 0.130246
52 0.135282
53 0.406105
54 0.212859
55 0.208255
56 0.209455
57 0.137911
58 0.16781
59 0.162177
60 0.138325
61 0.14778
62 0.186494
63 0.147397
64 0.096232
65 0.0842548
66 0.217039
67 0.137976
68 0.16957
69 0.149912
70 0.148232
71 0.190569
72 0.1966
73 0.206744
74 0.23823
75 0.120096
76 0.228709
