1 0.0748492
2 0.110111
3 0.126875
4 0.105687
5 0.14671
6 0.196397
7 0.098512
8 0.0734867
9 0.200386
10 0.12978
11 0.124123
12 0.142534
13 0.203473
14 0.10434
15 0.125408
16 0.0896592
17 0.175085
18 0.183509
19 0.133576
20 0.159081
21 0.0873114
22 0.075574
23 0.102387
24 0.156682
25 0.142838
26 0.130783
27 0.116704
28 0.184531
29 0.1314
30 0.237721
31 0.101842
32 0.1196
33 0.113039
34 0.118461
35 0.165234
36 0.14377
37 0.185415
38 0.111951
39 0.113619
40 0.130219
41 0.0980826
42 0.124405
43 0.148498
44 0.122562
45 0.141886
46 0.107283
47 0.257418
48 0.136003
49 0.312905
50 0.172354
51 0.0952043
52 0.107085
53 0.317174
54 0.189986
55 0.137163
56 0.140371
57 0.117677
58 0.133891
59 0.142801
60 0.128612
61 0.112599
62 0.151934
63 0.11767
64 0.0905481
65 0.112322
66 0.192695
67 0.131889
68 0.13825
69 0.104862
70 0.125507
71 0.155323
72 0.142506
73 0.160391
74 0.212978
75 0.108193
76 0.296262
