1 0.076987
2 0.13122
3 0.134198
4 0.1843
5 0.197668
6 0.231459
7 0.108907
8 0.140302
9 0.17712
10 0.143422
11 0.146137
12 0.187367
13 0.174415
14 0.121104
15 0.14913
16 0.101025
17 0.210989
18 0.292296
19 0.140719
20 0.236238
21 0.101325
22 0.0877172
23 0.106077
24 0.141068
25 0.288741
26 0.137853
27 0.120419
28 0.263672
29 0.137733
30 0.297758
31 0.10729
32 0.15181
33 0.119457
34 0.144961
35 0.229642
36 0.160627
37 0.175072
38 0.108015
39 0.114702
40 0.122952
41 0.188291
42 0.116668
43 0.14379
44 0.153985
45 0.136383
46 0.135025
47 0.258471
48 0.137405
49 0.26667
50 0.173126
51 0.135329
52 0.168365
53 0.243803
54 0.33221
55 0.131801
56 0.146296
57 0.178894
58 0.202562
59 0.147646
60 0.14351
61 0.131441
62 0.141123
63 0.202114
64 0.128056
65 0.196694
66 0.222922
67 0.129337
68 0.111309
69 0.114023
70 0.21544
71 0.148509
72 0.129241
73 0.167148
74 0.214386
75 0.161256
76 0.306671
