1 0.0627892
2 0.0889096
3 0.107045
4 0.0874277
5 0.123613
6 0.128144
7 0.0935946
8 0.0758434
9 0.133023
10 0.0873345
11 0.119012
12 0.110259
13 0.135936
14 0.100645
15 0.101058
16 0.0903792
17 0.143618
18 0.122811
19 0.108313
20 0.111223
21 0.0722947
22 0.064187
23 0.084993
24 0.104314
25 0.123708
26 0.110285
27 0.0879732
28 0.140903
29 0.100131
30 0.190364
31 0.0787514
32 0.09294
33 0.0799391
34 0.0971459
35 0.121018
36 0.104665
37 0.154237
38 0.088114
39 0.081331
40 0.104193
41 0.0797032
42 0.102911
43 0.112268
44 0.0843713
45 0.104147
46 0.0804157
47 0.21491
48 0.128173
49 0.231732
50 0.152443
51 0.0824204
52 0.0901813
53 0.256217
54 0.156235
55 0.116636
56 0.101958
57 0.115741
58 0.124345
59 0.130252
60 0.108721
61 0.0973829
62 0.113875
63 0.130565
64 0.0847552
65 0.122223
66 0.145724
67 0.0945716
68 0.117067
69 0.088158
70 0.0928107
71 0.113998
72 0.101738
73 0.139073
74 0.194202
75 0.0852021
76 0.278117
