1 0.072102
2 0.0830283
3 0.129993
4 0.0909991
5 0.123436
6 0.146483
7 0.0923173
8 0.08785
9 0.154128
10 0.0933916
11 0.100476
12 0.130583
13 0.144498
14 0.122604
15 0.107416
16 0.0954573
17 0.157552
18 0.119344
19 0.112242
20 0.109442
21 0.0964975
22 0.0733711
23 0.0908038
24 0.127055
25 0.12818
26 0.114225
27 0.0961312
28 0.151714
29 0.111326
30 0.175891
31 0.0882338
32 0.0983695
33 0.0951083
34 0.113303
35 0.131159
36 0.113867
37 0.155714
38 0.100626
39 0.0978311
40 0.102202
41 0.0739739
42 0.107217
43 0.120301
44 0.111675
45 0.11446
46 0.0855728
47 0.220643
48 0.135413
49 0.246123
50 0.165108
51 0.0897468
52 0.0886828
53 0.269652
54 0.17371
55 0.122444
56 0.0989849
57 0.127157
58 0.117585
59 0.12946
60 0.101554
61 0.108851
62 0.134799
63 0.133374
64 0.101799
65 0.0940328
66 0.156193
67 0.101362
68 0.15903
69 0.0988074
70 0.0922059
71 0.112799
72 0.137152
73 0.147832
74 0.200424
75 0.0905293
76 0.237028
