1 0.0636708
2 0.0862812
3 0.108938
4 0.086713
5 0.117216
6 0.138496
7 0.0850664
8 0.0626425
9 0.124134
10 0.0973342
11 0.0865836
12 0.0999373
13 0.135736
14 0.0758774
15 0.0955186
16 0.0861342
17 0.137304
18 0.105305
19 0.103872
20 0.108656
21 0.0712608
22 0.0615808
23 0.0781782
24 0.111616
25 0.103078
26 0.105458
27 0.0884952
28 0.161222
29 0.102229
30 0.169966
31 0.0776533
32 0.092387
33 0.0858608
34 0.0987747
35 0.108954
36 0.11424
37 0.145756
38 0.0840829
39 0.0850216
40 0.0948517
41 0.0811661
42 0.0920678
43 0.113258
44 0.0870777
45 0.105631
46 0.0869835
47 0.199007
48 0.110035
49 0.214053
50 0.142961
51 0.0887364
52 0.087568
53 0.251561
54 0.153022
55 0.112438
56 0.0879754
57 0.0908162
58 0.0921506
59 0.108
60 0.0995494
61 0.100414
62 0.099156
63 0.0871835
64 0.0745324
65 0.0998246
66 0.127583
67 0.0926567
68 0.0939406
69 0.0839958
70 0.0843491
71 0.104793
72 0.104214
73 0.144371
74 0.181543
75 0.0773719
76 0.222109
