1 0.123505
2 0.164745
3 0.159579
4 0.189886
5 0.180532
6 0.29867
7 0.118198
8 0.120292
9 0.316206
10 0.203301
11 0.157416
12 0.266863
13 0.204792
14 0.165415
15 0.184334
16 0.155424
17 0.303506
18 0.237954
19 0.200895
20 0.2092
21 0.159112
22 0.126939
23 0.138035
24 0.254009
25 0.167899
26 0.187941
27 0.182742
28 0.314606
29 0.206276
30 0.318681
31 0.123421
32 0.133103
33 0.194873
34 0.141692
35 0.249746
36 0.201043
37 0.244599
38 0.194848
39 0.184327
40 0.215105
41 0.126498
42 0.21109
43 0.187439
44 0.202583
45 0.212712
46 0.194083
47 0.307975
48 0.243682
49 0.405501
50 0.258632
51 0.152103
52 0.146937
53 0.424233
54 0.255563
55 0.26822
56 0.252881
57 0.198057
58 0.179818
59 0.178526
60 0.15437
61 0.177827
62 0.223426
63 0.192259
64 0.123619
65 0.154306
66 0.223322
67 0.18429
68 0.130916
69 0.193623
70 0.161797
71 0.278495
72 0.23675
73 0.221361
74 0.244457
75 0.135867
76 0.239718
