1 0.105323
2 0.213602
3 0.159352
4 0.185822
5 0.168918
6 0.241301
7 0.126507
8 0.133613
9 0.30279
10 0.160165
11 0.158629
12 0.215576
13 0.203586
14 0.144968
15 0.186956
16 0.137393
17 0.285647
18 0.234603
19 0.212368
20 0.206617
21 0.150102
22 0.147913
23 0.12924
24 0.239075
25 0.167565
26 0.169872
27 0.196422
28 0.260216
29 0.236329
30 0.345557
31 0.151716
32 0.134397
33 0.131372
34 0.17084
35 0.224536
36 0.205315
37 0.219869
38 0.169387
39 0.160499
40 0.240775
41 0.195117
42 0.205628
43 0.196657
44 0.173111
45 0.161783
46 0.176942
47 0.30159
48 0.20695
49 0.364542
50 0.260002
51 0.178904
52 0.138831
53 0.433653
54 0.235717
55 0.183111
56 0.260481
57 0.202679
58 0.185784
59 0.161463
60 0.193854
61 0.133216
62 0.246039
63 0.255075
64 0.159474
65 0.131127
66 0.214885
67 0.19075
68 0.245758
69 0.182519
70 0.1775
71 0.206387
72 0.214731
73 0.197226
74 0.222701
75 0.123557
76 0.336506
