1 0.0846238
2 0.130189
3 0.141775
4 0.133178
5 0.12424
6 0.210037
7 0.109511
8 0.0960877
9 0.211114
10 0.111826
11 0.12413
12 0.165779
13 0.187709
14 0.12444
15 0.133378
16 0.105324
17 0.215976
18 0.19997
19 0.152013
20 0.148769
21 0.0993503
22 0.0886958
23 0.107893
24 0.165336
25 0.127826
26 0.127323
27 0.136777
28 0.192453
29 0.157273
30 0.257916
31 0.122209
32 0.122518
33 0.107935
34 0.119578
35 0.175275
36 0.145016
37 0.192159
38 0.121169
39 0.123692
40 0.144554
41 0.104837
42 0.132182
43 0.149049
44 0.134257
45 0.140898
46 0.115175
47 0.273162
48 0.145894
49 0.300477
50 0.203097
51 0.123074
52 0.110636
53 0.334532
54 0.200111
55 0.151638
56 0.18105
57 0.119986
58 0.16292
59 0.147349
60 0.128465
61 0.121945
62 0.159414
63 0.131997
64 0.0981584
65 0.090947
66 0.233887
67 0.128796
68 0.155021
69 0.126907
70 0.126212
71 0.147037
72 0.160728
73 0.175013
74 0.210118
75 0.122296
76 0.319171
