1 0.0737896
2 0.110197
3 0.137824
4 0.129396
5 0.191903
6 0.206981
7 0.110273
8 0.135723
9 0.169992
10 0.134374
11 0.108795
12 0.158724
13 0.142449
14 0.093632
15 0.15086
16 0.101027
17 0.202457
18 0.279842
19 0.118284
20 0.20276
21 0.097293
22 0.0689203
23 0.102912
24 0.126906
25 0.300089
26 0.123681
27 0.111686
28 0.23016
29 0.133284
30 0.266419
31 0.106169
32 0.147037
33 0.106069
34 0.126468
35 0.191469
36 0.145437
37 0.170344
38 0.11362
39 0.109502
40 0.110797
41 0.165567
42 0.109982
43 0.122263
44 0.113603
45 0.126045
46 0.113359
47 0.243256
48 0.142344
49 0.262903
50 0.170929
51 0.122785
52 0.13
53 0.273853
54 0.325616
55 0.119055
56 0.142378
57 0.178222
58 0.163192
59 0.133567
60 0.119968
61 0.123773
62 0.139951
63 0.212797
64 0.129769
65 0.15146
66 0.209685
67 0.124488
68 0.117562
69 0.123373
70 0.183523
71 0.148285
72 0.123752
73 0.149777
74 0.205957
75 0.138466
76 0.22882
