1 0.0925365
2 0.145447
3 0.139478
4 0.113839
5 0.13903
6 0.236349
7 0.114646
8 0.0962078
9 0.24768
10 0.137612
11 0.136897
12 0.188052
13 0.223745
14 0.13069
15 0.145326
16 0.103338
17 0.201991
18 0.212395
19 0.181136
20 0.134213
21 0.121503
22 0.109895
23 0.118122
24 0.180855
25 0.128634
26 0.136497
27 0.163783
28 0.19196
29 0.139244
30 0.287931
31 0.122818
32 0.112051
33 0.138983
34 0.13118
35 0.184195
36 0.133811
37 0.200425
38 0.126878
39 0.120396
40 0.160319
41 0.125329
42 0.149265
43 0.162882
44 0.156728
45 0.180002
46 0.127284
47 0.288036
48 0.167913
49 0.314607
50 0.211514
51 0.117447
52 0.114489
53 0.353715
54 0.217071
55 0.184672
56 0.21126
57 0.151918
58 0.162082
59 0.142254
60 0.139757
61 0.127806
62 0.173132
63 0.157454
64 0.109854
65 0.0970133
66 0.257387
67 0.125595
68 0.179452
69 0.153093
70 0.136923
71 0.143386
72 0.182375
73 0.17698
74 0.22181
75 0.13308
76 0.27771
