1 0.100934
2 0.163466
3 0.147325
4 0.153373
5 0.176046
6 0.249029
7 0.135842
8 0.117541
9 0.297997
10 0.166176
11 0.17687
12 0.239754
13 0.221376
14 0.152086
15 0.173937
16 0.168002
17 0.255753
18 0.223635
19 0.209091
20 0.193773
21 0.160652
22 0.146825
23 0.134407
24 0.251571
25 0.150725
26 0.199523
27 0.185649
28 0.273324
29 0.233987
30 0.287297
31 0.149544
32 0.150403
33 0.143753
34 0.155946
35 0.226553
36 0.167493
37 0.219746
38 0.159072
39 0.172637
40 0.216699
41 0.162289
42 0.195451
43 0.177484
44 0.18546
45 0.159088
46 0.16789
47 0.296558
48 0.188517
49 0.356636
50 0.275385
51 0.129617
52 0.146506
53 0.430092
54 0.215154
55 0.168967
56 0.222958
57 0.166425
58 0.16925
59 0.177664
60 0.154575
61 0.127196
62 0.226628
63 0.18337
64 0.135331
65 0.148954
66 0.215609
67 0.203907
68 0.203484
69 0.157269
70 0.147085
71 0.147295
72 0.239838
73 0.213446
74 0.250769
75 0.121039
76 0.234789
