1 0.0873528
2 0.117777
3 0.13241
4 0.0987451
5 0.136568
6 0.15653
7 0.109179
8 0.096889
9 0.203295
10 0.104773
11 0.13124
12 0.147589
13 0.168454
14 0.102778
15 0.128728
16 0.105022
17 0.1811
18 0.14695
19 0.136517
20 0.133861
21 0.088191
22 0.0837498
23 0.106832
24 0.146344
25 0.137026
26 0.125592
27 0.114098
28 0.214598
29 0.149611
30 0.217879
31 0.097188
32 0.111323
33 0.107856
34 0.117098
35 0.157552
36 0.125708
37 0.185743
38 0.115587
39 0.117144
40 0.125919
41 0.0948816
42 0.124047
43 0.142245
44 0.109985
45 0.145297
46 0.0951489
47 0.247198
48 0.137567
49 0.276345
50 0.176733
51 0.10566
52 0.105147
53 0.321948
54 0.199528
55 0.134752
56 0.144718
57 0.130648
58 0.134188
59 0.141977
60 0.121577
61 0.118321
62 0.140021
63 0.118334
64 0.0987854
65 0.0888458
66 0.173628
67 0.122143
68 0.145189
69 0.116173
70 0.115742
71 0.139362
72 0.159994
73 0.15596
74 0.21084
75 0.115046
76 0.256249
