1 0.0863348
2 0.140694
3 0.145544
4 0.142539
5 0.177794
6 0.247665
7 0.108724
8 0.115408
9 0.25134
10 0.125596
11 0.139554
12 0.177323
13 0.241584
14 0.150017
15 0.129324
16 0.143196
17 0.201633
18 0.214449
19 0.174916
20 0.164111
21 0.120091
22 0.098751
23 0.11632
24 0.206304
25 0.135139
26 0.140393
27 0.145225
28 0.246712
29 0.183124
30 0.271604
31 0.110414
32 0.134681
33 0.118466
34 0.134861
35 0.203368
36 0.158803
37 0.194916
38 0.121757
39 0.12398
40 0.190684
41 0.105425
42 0.153093
43 0.168488
44 0.170261
45 0.185101
46 0.14444
47 0.280617
48 0.189481
49 0.323588
50 0.220301
51 0.123217
52 0.125834
53 0.392915
54 0.233952
55 0.189967
56 0.202631
57 0.214421
58 0.155806
59 0.1448
60 0.16808
61 0.133255
62 0.174245
63 0.145065
64 0.134537
65 0.0911839
66 0.19791
67 0.15939
68 0.210232
69 0.140908
70 0.13409
71 0.172014
72 0.190667
73 0.196837
74 0.221968
75 0.133205
76 0.178217
