1 0.0968409
2 0.128106
3 0.144663
4 0.12371
5 0.131733
6 0.226466
7 0.107349
8 0.0843675
9 0.202201
10 0.14481
11 0.131093
12 0.165704
13 0.203015
14 0.121926
15 0.145869
16 0.0999969
17 0.222542
18 0.19315
19 0.1565
20 0.142636
21 0.110746
22 0.0917614
23 0.112312
24 0.164634
25 0.153814
26 0.151827
27 0.134754
28 0.230988
29 0.136383
30 0.239441
31 0.111411
32 0.118147
33 0.133097
34 0.1174
35 0.203217
36 0.155288
37 0.200558
38 0.124078
39 0.142259
40 0.144868
41 0.106429
42 0.140105
43 0.158127
44 0.126058
45 0.155146
46 0.127561
47 0.256849
48 0.151294
49 0.355848
50 0.202562
51 0.109492
52 0.116352
53 0.3867
54 0.210277
55 0.172242
56 0.186218
57 0.122569
58 0.146503
59 0.154137
60 0.124492
61 0.129571
62 0.168272
63 0.128672
64 0.0953474
65 0.127295
66 0.226453
67 0.139552
68 0.127924
69 0.143475
70 0.126113
71 0.149382
72 0.180584
73 0.176416
74 0.210762
75 0.119999
76 0.205665
