1 0.105872
2 0.138447
3 0.155417
4 0.157986
5 0.164538
6 0.269015
7 0.148784
8 0.132262
9 0.28116
10 0.172725
11 0.168031
12 0.216821
13 0.228063
14 0.152552
15 0.157483
16 0.163331
17 0.280745
18 0.211319
19 0.213892
20 0.215952
21 0.143064
22 0.123529
23 0.118671
24 0.234612
25 0.148487
26 0.171912
27 0.164609
28 0.266647
29 0.221717
30 0.335911
31 0.135295
32 0.147841
33 0.126775
34 0.168406
35 0.262895
36 0.178789
37 0.230572
38 0.139587
39 0.161413
40 0.229566
41 0.119306
42 0.174495
43 0.161862
44 0.164394
45 0.20411
46 0.181622
47 0.304284
48 0.209304
49 0.358362
50 0.230706
51 0.131978
52 0.12836
53 0.425796
54 0.230277
55 0.165818
56 0.201649
57 0.175848
58 0.169069
59 0.17205
60 0.159243
61 0.136554
62 0.206216
63 0.203758
64 0.120264
65 0.100436
66 0.206877
67 0.147948
68 0.209977
69 0.16948
70 0.175792
71 0.200733
72 0.212004
73 0.189702
74 0.241221
75 0.133612
76 0.32691
