1 0.0607028
2 0.0738667
3 0.092418
4 0.0671442
5 0.0989565
6 0.0996504
7 0.0721682
8 0.0617328
9 0.09154
10 0.0732347
11 0.0788684
12 0.0816047
13 0.109046
14 0.0648255
15 0.080391
16 0.084047
17 0.115919
18 0.0895162
19 0.0766488
20 0.0849256
21 0.0595964
22 0.0531377
23 0.0683412
24 0.0848035
25 0.0852844
26 0.0826064
27 0.08358
28 0.120218
29 0.0891972
30 0.147008
31 0.0606369
32 0.0779543
33 0.0721964
34 0.0782546
35 0.10111
36 0.0940036
37 0.134015
38 0.0709155
39 0.0737701
40 0.0797431
41 0.0658116
42 0.0790296
43 0.0953868
44 0.0729806
45 0.0877698
46 0.0668689
47 0.167647
48 0.0904472
49 0.187765
50 0.11718
51 0.0780267
52 0.07644
53 0.203709
54 0.128008
55 0.093356
56 0.0807473
57 0.0696139
58 0.0879227
59 0.0913372
60 0.0785928
61 0.0821843
62 0.0862612
63 0.07449
64 0.0636862
65 0.0739098
66 0.0955488
67 0.0838516
68 0.0754347
69 0.0726178
70 0.0719067
71 0.0811849
72 0.0757626
73 0.124255
74 0.172123
75 0.0673346
76 0.192469
