1 0.0861402
2 0.152419
3 0.148968
4 0.17546
5 0.156773
6 0.228644
7 0.131377
8 0.107395
9 0.281548
10 0.140259
11 0.162652
12 0.199154
13 0.21329
14 0.126922
15 0.162781
16 0.14813
17 0.26657
18 0.209932
19 0.164887
20 0.173876
21 0.116106
22 0.10421
23 0.132005
24 0.208984
25 0.155652
26 0.168977
27 0.144366
28 0.240368
29 0.227526
30 0.306868
31 0.136594
32 0.147331
33 0.144461
34 0.157125
35 0.209271
36 0.145743
37 0.20266
38 0.155604
39 0.14749
40 0.23532
41 0.164373
42 0.180761
43 0.181072
44 0.169196
45 0.203706
46 0.144735
47 0.283551
48 0.187496
49 0.352931
50 0.244331
51 0.132048
52 0.125694
53 0.419099
54 0.239919
55 0.186364
56 0.196372
57 0.165784
58 0.17732
59 0.146761
60 0.160443
61 0.142857
62 0.205755
63 0.16115
64 0.12774
65 0.115282
66 0.231161
67 0.142598
68 0.240041
69 0.162725
70 0.170246
71 0.178154
72 0.181518
73 0.195308
74 0.230441
75 0.133818
76 0.379135
