1 0.0854665
2 0.142496
3 0.156051
4 0.146973
5 0.156621
6 0.237003
7 0.118083
8 0.10966
9 0.278058
10 0.155195
11 0.145691
12 0.202679
13 0.227247
14 0.131353
15 0.154357
16 0.128606
17 0.236547
18 0.177967
19 0.213434
20 0.193357
21 0.126285
22 0.133838
23 0.116495
24 0.205579
25 0.152769
26 0.179176
27 0.166158
28 0.297069
29 0.208878
30 0.280007
31 0.132259
32 0.137375
33 0.125402
34 0.141705
35 0.213358
36 0.192907
37 0.216389
38 0.147049
39 0.153255
40 0.220066
41 0.11581
42 0.173706
43 0.169134
44 0.169245
45 0.212566
46 0.139136
47 0.298573
48 0.191011
49 0.342683
50 0.254812
51 0.125095
52 0.129811
53 0.410622
54 0.224354
55 0.177647
56 0.20889
57 0.188952
58 0.172443
59 0.171934
60 0.150556
61 0.154472
62 0.212869
63 0.167871
64 0.13495
65 0.105333
66 0.2092
67 0.161887
68 0.213826
69 0.158019
70 0.156719
71 0.154943
72 0.182731
73 0.199604
74 0.230778
75 0.135918
76 0.258231
