1 0.110649
2 0.171643
3 0.144945
4 0.19016
5 0.167792
6 0.242524
7 0.145847
8 0.126483
9 0.296374
10 0.178069
11 0.1589
12 0.216093
13 0.231508
14 0.159069
15 0.179911
16 0.140368
17 0.247967
18 0.239054
19 0.234169
20 0.226607
21 0.123756
22 0.11882
23 0.166667
24 0.206097
25 0.152725
26 0.188353
27 0.20477
28 0.272474
29 0.23062
30 0.300415
31 0.128117
32 0.151726
33 0.158374
34 0.169364
35 0.231709
36 0.184284
37 0.209818
38 0.143032
39 0.151466
40 0.182415
41 0.17742
42 0.233332
43 0.19095
44 0.195608
45 0.219402
46 0.186703
47 0.328654
48 0.227428
49 0.411327
50 0.252702
51 0.158737
52 0.148798
53 0.412326
54 0.243758
55 0.217661
56 0.273512
57 0.17932
58 0.175897
59 0.166618
60 0.141005
61 0.164967
62 0.20737
63 0.197687
64 0.110976
65 0.0944358
66 0.199252
67 0.168
68 0.172291
69 0.172582
70 0.1615
71 0.211684
72 0.2614
73 0.208238
74 0.227636
75 0.144622
76 0.42559
