1 0.0838346
2 0.120926
3 0.137595
4 0.125811
5 0.125499
6 0.191637
7 0.107574
8 0.0931142
9 0.178306
10 0.107218
11 0.123356
12 0.141978
13 0.192082
14 0.114387
15 0.133099
16 0.0975014
17 0.189263
18 0.186646
19 0.157617
20 0.169113
21 0.0781366
22 0.081829
23 0.10876
24 0.146386
25 0.143097
26 0.131778
27 0.125242
28 0.210171
29 0.1372
30 0.263376
31 0.119253
32 0.12015
33 0.110727
34 0.13059
35 0.166126
36 0.13756
37 0.184017
38 0.116408
39 0.113064
40 0.145167
41 0.105323
42 0.122935
43 0.145614
44 0.122809
45 0.153235
46 0.10731
47 0.272282
48 0.17626
49 0.320259
50 0.184029
51 0.0985473
52 0.114753
53 0.324124
54 0.190741
55 0.137337
56 0.169738
57 0.120418
58 0.16337
59 0.139924
60 0.146631
61 0.113971
62 0.160191
63 0.123537
64 0.096101
65 0.119649
66 0.205024
67 0.13959
68 0.143737
69 0.131508
70 0.125108
71 0.162416
72 0.190811
73 0.157873
74 0.216139
75 0.122547
76 0.302668
