1 0.0984746
2 0.17106
3 0.153537
4 0.16927
5 0.176468
6 0.239647
7 0.128305
8 0.110983
9 0.283331
10 0.139558
11 0.171885
12 0.228346
13 0.239593
14 0.123336
15 0.154975
16 0.131827
17 0.255212
18 0.204829
19 0.189508
20 0.186291
21 0.121395
22 0.131631
23 0.143979
24 0.228107
25 0.146609
26 0.170552
27 0.158805
28 0.285436
29 0.188503
30 0.278047
31 0.125146
32 0.137054
33 0.145979
34 0.143392
35 0.23594
36 0.169929
37 0.220765
38 0.16359
39 0.18418
40 0.205039
41 0.10838
42 0.183331
43 0.16255
44 0.16539
45 0.222561
46 0.182404
47 0.296178
48 0.205648
49 0.364882
50 0.225677
51 0.130952
52 0.128864
53 0.403155
54 0.246441
55 0.161293
56 0.211859
57 0.185331
58 0.153927
59 0.152703
60 0.146441
61 0.151637
62 0.192552
63 0.178067
64 0.115444
65 0.0941587
66 0.197497
67 0.184402
68 0.151844
69 0.166381
70 0.142631
71 0.177477
72 0.254185
73 0.19842
74 0.23299
75 0.139296
76 0.356301
