1 0.118659
2 0.166663
3 0.156515
4 0.197194
5 0.219212
6 0.322238
7 0.159005
8 0.225092
9 0.258878
10 0.189201
11 0.206682
12 0.29705
13 0.204845
14 0.283198
15 0.19488
16 0.190793
17 0.290957
18 0.213833
19 0.309244
20 0.203451
21 0.227866
22 0.116326
23 0.187677
24 0.279372
25 0.205443
26 0.178488
27 0.199852
28 0.273283
29 0.22223
30 0.277305
31 0.141702
32 0.185113
33 0.176874
34 0.16851
35 0.234861
36 0.169558
37 0.239783
38 0.165718
39 0.187506
40 0.23829
41 0.182501
42 0.218915
43 0.186528
44 0.240427
45 0.178425
46 0.184087
47 0.291034
48 0.24167
49 0.404999
50 0.259783
51 0.14601
52 0.167411
53 0.44394
54 0.285136
55 0.217844
56 0.250905
57 0.338724
58 0.196608
59 0.229526
60 0.177887
61 0.152036
62 0.275975
63 0.35824
64 0.216994
65 0.158044
66 0.232089
67 0.171575
68 0.29991
69 0.173004
70 0.171199
71 0.177837
72 0.199338
73 0.21502
74 0.251236
75 0.106265
76 0.244987
