1 0.0892152
2 0.152269
3 0.144318
4 0.151111
5 0.167349
6 0.239209
7 0.122554
8 0.102668
9 0.259099
10 0.12813
11 0.143228
12 0.187851
13 0.22956
14 0.127333
15 0.158296
16 0.156274
17 0.243764
18 0.219819
19 0.186482
20 0.190648
21 0.109925
22 0.111619
23 0.141587
24 0.196939
25 0.130348
26 0.160457
27 0.137935
28 0.243436
29 0.169794
30 0.274982
31 0.130984
32 0.142135
33 0.143296
34 0.124898
35 0.209061
36 0.150787
37 0.197311
38 0.168973
39 0.158677
40 0.204075
41 0.153471
42 0.189769
43 0.174533
44 0.173697
45 0.18802
46 0.15051
47 0.29454
48 0.190727
49 0.37192
50 0.23535
51 0.128499
52 0.12917
53 0.42431
54 0.224232
55 0.155286
56 0.207172
57 0.18651
58 0.177696
59 0.151
60 0.17733
61 0.119343
62 0.204334
63 0.161861
64 0.130476
65 0.126936
66 0.229643
67 0.190221
68 0.247313
69 0.16248
70 0.155005
71 0.150588
72 0.187494
73 0.178856
74 0.227314
75 0.123922
76 0.244133
