1 0.0628252
2 0.0820777
3 0.10297
4 0.0785637
5 0.116637
6 0.113528
7 0.084587
8 0.0725258
9 0.0976839
10 0.0809534
11 0.0906113
12 0.106268
13 0.113025
14 0.0779335
15 0.0853663
16 0.0829627
17 0.122358
18 0.103325
19 0.0900803
20 0.0958516
21 0.0709364
22 0.0589895
23 0.0771077
24 0.0986853
25 0.0860601
26 0.0938849
27 0.0829004
28 0.137496
29 0.0994264
30 0.159833
31 0.0689863
32 0.090492
33 0.0688196
34 0.0859358
35 0.106392
36 0.0948991
37 0.14057
38 0.0796531
39 0.0838271
40 0.0823957
41 0.0698288
42 0.0875707
43 0.101816
44 0.0775435
45 0.0950327
46 0.0760475
47 0.19442
48 0.104635
49 0.199841
50 0.130579
51 0.0786228
52 0.0781419
53 0.218019
54 0.134283
55 0.102665
56 0.0809764
57 0.0777926
58 0.0981209
59 0.10085
60 0.0858117
61 0.0879374
62 0.0947626
63 0.0870907
64 0.0722992
65 0.0751745
66 0.113944
67 0.0848523
68 0.104974
69 0.0813973
70 0.0829709
71 0.0922403
72 0.0945252
73 0.129077
74 0.174112
75 0.0759923
76 0.242044
