1 0.1426
2 0.192616
3 0.157126
4 0.150544
5 0.189164
6 0.262432
7 0.117767
8 0.13067
9 0.282256
10 0.155982
11 0.174363
12 0.31961
13 0.203904
14 0.194614
15 0.155373
16 0.152068
17 0.250372
18 0.221523
19 0.211351
20 0.202583
21 0.12071
22 0.139794
23 0.118845
24 0.268101
25 0.151629
26 0.171075
27 0.165476
28 0.289597
29 0.191835
30 0.312574
31 0.120621
32 0.13567
33 0.169562
34 0.165352
35 0.199175
36 0.192539
37 0.219187
38 0.163358
39 0.200009
40 0.205688
41 0.154665
42 0.195294
43 0.184024
44 0.228684
45 0.21766
46 0.183444
47 0.293554
48 0.226668
49 0.339972
50 0.284766
51 0.15156
52 0.132635
53 0.417551
54 0.24457
55 0.215627
56 0.256116
57 0.263596
58 0.204744
59 0.15451
60 0.229276
61 0.173584
62 0.243635
63 0.157306
64 0.180994
65 0.137213
66 0.209142
67 0.2093
68 0.270365
69 0.201941
70 0.164477
71 0.222893
72 0.269054
73 0.203028
74 0.225745
75 0.110695
76 0.399397
