1 0.0547189
2 0.0686648
3 0.0819508
4 0.0622331
5 0.0952875
6 0.0968444
7 0.0753839
8 0.0625996
9 0.080175
10 0.0703449
11 0.0692109
12 0.0796876
13 0.0933375
14 0.064016
15 0.0687013
16 0.0732939
17 0.0992767
18 0.0827656
19 0.0724362
20 0.076283
21 0.057149
22 0.0539955
23 0.0607658
24 0.0800036
25 0.0766108
26 0.0756147
27 0.0688214
28 0.116883
29 0.0871858
30 0.124957
31 0.0632508
32 0.0746696
33 0.0647872
34 0.0748182
35 0.0887775
36 0.0890374
37 0.126394
38 0.0682467
39 0.071694
40 0.0749871
41 0.0617239
42 0.0744288
43 0.0830747
44 0.0641418
45 0.0806884
46 0.0615304
47 0.164865
48 0.0834602
49 0.173224
50 0.113077
51 0.0688066
52 0.0727377
53 0.182212
54 0.112318
55 0.0876196
56 0.0637293
57 0.0678587
58 0.0780424
59 0.0880972
60 0.0687763
61 0.0803454
62 0.0741625
63 0.0674432
64 0.0487048
65 0.0688755
66 0.091319
67 0.080832
68 0.0665758
69 0.066823
70 0.069376
71 0.0718683
72 0.083378
73 0.119821
74 0.151205
75 0.0666871
76 0.211558
