1 0.0894759
2 0.117168
3 0.141553
4 0.127371
5 0.142841
6 0.204903
7 0.113565
8 0.130233
9 0.208054
10 0.122705
11 0.167702
12 0.179227
13 0.194017
14 0.188215
15 0.138638
16 0.116848
17 0.18981
18 0.173904
19 0.171963
20 0.150223
21 0.151567
22 0.0862196
23 0.118572
24 0.183679
25 0.154573
26 0.138444
27 0.121464
28 0.204999
29 0.132443
30 0.21775
31 0.0940193
32 0.130969
33 0.107548
34 0.140766
35 0.188727
36 0.137981
37 0.189428
38 0.124896
39 0.123136
40 0.16562
41 0.0999267
42 0.142727
43 0.151426
44 0.144902
45 0.150235
46 0.125535
47 0.258669
48 0.154568
49 0.348783
50 0.192457
51 0.114846
52 0.119051
53 0.368868
54 0.211581
55 0.14745
56 0.182785
57 0.210054
58 0.171308
59 0.160615
60 0.128559
61 0.123495
62 0.172272
63 0.224441
64 0.144664
65 0.0979287
66 0.204657
67 0.119247
68 0.207882
69 0.137295
70 0.133469
71 0.139755
72 0.167991
73 0.163584
74 0.217679
75 0.119281
76 0.262309
