1 0.0872638
2 0.131855
3 0.13758
4 0.130041
5 0.152488
6 0.209591
7 0.121805
8 0.115189
9 0.332093
10 0.136065
11 0.155555
12 0.185508
13 0.198462
14 0.175073
15 0.146244
16 0.13926
17 0.230846
18 0.230674
19 0.171701
20 0.149178
21 0.109853
22 0.109251
23 0.108534
24 0.194481
25 0.14455
26 0.161881
27 0.125134
28 0.228561
29 0.193976
30 0.271958
31 0.138302
32 0.13758
33 0.125962
34 0.144922
35 0.180362
36 0.124295
37 0.186537
38 0.137167
39 0.132638
40 0.169132
41 0.122928
42 0.157978
43 0.154888
44 0.182695
45 0.161155
46 0.132393
47 0.296489
48 0.183847
49 0.346007
50 0.200227
51 0.118532
52 0.132213
53 0.352389
54 0.202131
55 0.159078
56 0.166635
57 0.177874
58 0.174673
59 0.145555
60 0.160278
61 0.122915
62 0.174369
63 0.141251
64 0.127777
65 0.088885
66 0.191753
67 0.161863
68 0.179728
69 0.145244
70 0.116701
71 0.151993
72 0.17578
73 0.169728
74 0.223111
75 0.114376
76 0.26342
