1 0.126296
2 0.168751
3 0.16328
4 0.215566
5 0.257103
6 0.402938
7 0.170513
8 0.16824
9 0.258688
10 0.243275
11 0.174365
12 0.258587
13 0.170165
14 0.197287
15 0.276731
16 0.164428
17 0.235451
18 0.203318
19 0.229295
20 0.283451
21 0.224169
22 0.150623
23 0.158242
24 0.26899
25 0.187935
26 0.17232
27 0.199762
28 0.367552
29 0.224937
30 0.308076
31 0.162759
32 0.218629
33 0.207936
34 0.240818
35 0.324466
36 0.260291
37 0.235301
38 0.155268
39 0.171554
40 0.212836
41 0.224413
42 0.188668
43 0.210586
44 0.225927
45 0.150908
46 0.266994
47 0.297197
48 0.206435
49 0.357748
50 0.268924
51 0.250189
52 0.213199
53 0.201727
54 0.286658
55 0.182716
56 0.216539
57 0.314533
58 0.227094
59 0.220358
60 0.19481
61 0.196796
62 0.206162
63 0.235497
64 0.22172
65 0.177499
66 0.166197
67 0.177797
68 0.126361
69 0.183667
70 0.273799
71 0.297462
72 0.26799
73 0.204799
74 0.224031
75 0.190571
76 0.248398
