1 0.107098
2 0.140291
3 0.148842
4 0.13848
5 0.141795
6 0.2018
7 0.133531
8 0.101659
9 0.24408
10 0.145845
11 0.151403
12 0.189508
13 0.236726
14 0.129193
15 0.137281
16 0.123709
17 0.241742
18 0.19297
19 0.169091
20 0.145266
21 0.131214
22 0.107394
23 0.113505
24 0.189481
25 0.11163
26 0.144336
27 0.156365
28 0.278168
29 0.204386
30 0.287378
31 0.116029
32 0.119174
33 0.136236
34 0.119036
35 0.209233
36 0.164023
37 0.215836
38 0.143049
39 0.136938
40 0.188991
41 0.103335
42 0.177721
43 0.161338
44 0.148772
45 0.163397
46 0.133744
47 0.283014
48 0.217461
49 0.351082
50 0.227042
51 0.128828
52 0.129838
53 0.385973
54 0.215462
55 0.152915
56 0.208413
57 0.139586
58 0.153346
59 0.166376
60 0.140489
61 0.142721
62 0.184255
63 0.160347
64 0.118002
65 0.139749
66 0.248836
67 0.142193
68 0.182812
69 0.13639
70 0.132143
71 0.186149
72 0.199906
73 0.161068
74 0.226345
75 0.132312
76 0.265173
