1 0.0938709
2 0.124639
3 0.153761
4 0.112418
5 0.152402
6 0.217098
7 0.115121
8 0.128608
9 0.281918
10 0.123499
11 0.175254
12 0.174942
13 0.226485
14 0.210443
15 0.133351
16 0.154329
17 0.224066
18 0.212356
19 0.165827
20 0.139463
21 0.0934708
22 0.0985541
23 0.119932
24 0.188007
25 0.119447
26 0.150875
27 0.138136
28 0.247566
29 0.185758
30 0.251025
31 0.14782
32 0.129801
33 0.131256
34 0.137148
35 0.180415
36 0.143118
37 0.212853
38 0.135713
39 0.139429
40 0.173638
41 0.0882667
42 0.147131
43 0.162031
44 0.139306
45 0.148114
46 0.155515
47 0.279298
48 0.170708
49 0.362298
50 0.19649
51 0.118064
52 0.127652
53 0.396681
54 0.210548
55 0.163966
56 0.184136
57 0.206437
58 0.183999
59 0.173018
60 0.17
61 0.135199
62 0.164018
63 0.17761
64 0.175137
65 0.113397
66 0.193648
67 0.1259
68 0.212053
69 0.141848
70 0.127788
71 0.171394
72 0.195918
73 0.199842
74 0.217319
75 0.125691
76 0.195787
