1 0.115513
2 0.195151
3 0.139525
4 0.202006
5 0.189919
6 0.216764
7 0.137637
8 0.12936
9 0.28553
10 0.160342
11 0.164674
12 0.199718
13 0.230069
14 0.150204
15 0.171198
16 0.139393
17 0.265527
18 0.202495
19 0.19531
20 0.193813
21 0.158149
22 0.129697
23 0.159256
24 0.255519
25 0.166067
26 0.192031
27 0.220891
28 0.260328
29 0.227652
30 0.280099
31 0.13332
32 0.136695
33 0.149107
34 0.155644
35 0.239347
36 0.207719
37 0.210035
38 0.154632
39 0.164266
40 0.211443
41 0.124551
42 0.211205
43 0.179177
44 0.209806
45 0.219624
46 0.150761
47 0.303054
48 0.23316
49 0.345602
50 0.266244
51 0.137132
52 0.125795
53 0.425089
54 0.236819
55 0.189735
56 0.237699
57 0.173779
58 0.161756
59 0.182914
60 0.163367
61 0.147044
62 0.22343
63 0.217354
64 0.138275
65 0.133901
66 0.204613
67 0.187217
68 0.176203
69 0.176257
70 0.140458
71 0.159008
72 0.239851
73 0.197894
74 0.234601
75 0.130235
76 0.217792
