1 0.0756899
2 0.100851
3 0.128572
4 0.106149
5 0.128984
6 0.163216
7 0.106546
8 0.0869678
9 0.188807
10 0.107784
11 0.127331
12 0.139697
13 0.166852
14 0.104322
15 0.127442
16 0.0902179
17 0.171757
18 0.135876
19 0.124446
20 0.134178
21 0.0921783
22 0.0701843
23 0.101354
24 0.150756
25 0.15069
26 0.138267
27 0.101489
28 0.18533
29 0.12784
30 0.218657
31 0.104193
32 0.112398
33 0.110259
34 0.11705
35 0.15585
36 0.129813
37 0.171911
38 0.100788
39 0.093142
40 0.113423
41 0.0926464
42 0.125358
43 0.141656
44 0.120665
45 0.144159
46 0.104893
47 0.235453
48 0.143661
49 0.299764
50 0.182595
51 0.0981217
52 0.0916087
53 0.307467
54 0.190845
55 0.124602
56 0.127825
57 0.109136
58 0.124706
59 0.140092
60 0.11219
61 0.114838
62 0.143814
63 0.118232
64 0.0979635
65 0.103407
66 0.169448
67 0.108891
68 0.121619
69 0.108952
70 0.113253
71 0.137924
72 0.124592
73 0.151977
74 0.220505
75 0.1051
76 0.236265
