1 0.0640328
2 0.0776159
3 0.104712
4 0.0761767
5 0.113164
6 0.115354
7 0.0918952
8 0.0691163
9 0.101649
10 0.0819726
11 0.0874029
12 0.10335
13 0.134883
14 0.100045
15 0.0910126
16 0.0830026
17 0.129803
18 0.10389
19 0.0980159
20 0.105885
21 0.0625122
22 0.0580754
23 0.0829542
24 0.101976
25 0.107061
26 0.10074
27 0.0909426
28 0.13824
29 0.101928
30 0.162815
31 0.0742612
32 0.0916684
33 0.0795386
34 0.0851224
35 0.120449
36 0.11003
37 0.147463
38 0.0796197
39 0.0784698
40 0.0905221
41 0.0762267
42 0.0948768
43 0.104673
44 0.0901391
45 0.10658
46 0.0755092
47 0.197504
48 0.107274
49 0.219757
50 0.137569
51 0.0841673
52 0.0824048
53 0.240048
54 0.157552
55 0.107319
56 0.0863248
57 0.0878523
58 0.0864448
59 0.103683
60 0.0902784
61 0.0981521
62 0.0961164
63 0.0813581
64 0.0767723
65 0.0783002
66 0.126821
67 0.0892741
68 0.0885994
69 0.087688
70 0.0811286
71 0.101496
72 0.101677
73 0.132055
74 0.183051
75 0.0783941
76 0.267649
