1 0.0625329
2 0.0763447
3 0.0923214
4 0.109565
5 0.110778
6 0.114213
7 0.0800596
8 0.0856796
9 0.104744
10 0.0773113
11 0.0765329
12 0.0951191
13 0.107837
14 0.0746917
15 0.0828943
16 0.0802855
17 0.14175
18 0.140518
19 0.0862566
20 0.110499
21 0.0588694
22 0.0615346
23 0.0733401
24 0.093842
25 0.132801
26 0.0900484
27 0.0750186
28 0.133837
29 0.0921219
30 0.193766
31 0.066953
32 0.0917023
33 0.0688136
34 0.0867666
35 0.124665
36 0.103351
37 0.127114
38 0.077202
39 0.0778073
40 0.0798997
41 0.109636
42 0.0802175
43 0.0921421
44 0.0734873
45 0.0921957
46 0.0687468
47 0.177639
48 0.107055
49 0.192749
50 0.121376
51 0.0807015
52 0.0851659
53 0.230792
54 0.202004
55 0.0976289
56 0.0774185
57 0.0905233
58 0.108066
59 0.0961417
60 0.081711
61 0.0884413
62 0.089056
63 0.112434
64 0.0722331
65 0.102793
66 0.143988
67 0.0867298
68 0.0741553
69 0.0767931
70 0.0938109
71 0.0867103
72 0.0858058
73 0.123371
74 0.174684
75 0.0972559
76 0.223436
