1 0.0648939
2 0.0861855
3 0.105821
4 0.0924185
5 0.133513
6 0.14442
7 0.0928285
8 0.082919
9 0.136873
10 0.0923286
11 0.112575
12 0.109668
13 0.145846
14 0.111728
15 0.103763
16 0.0885662
17 0.138223
18 0.11601
19 0.108623
20 0.126338
21 0.0884126
22 0.0648984
23 0.0948625
24 0.127836
25 0.109231
26 0.0998992
27 0.0959734
28 0.144847
29 0.100771
30 0.191905
31 0.0744331
32 0.106162
33 0.0828315
34 0.105431
35 0.130372
36 0.113202
37 0.159347
38 0.087555
39 0.0914307
40 0.112779
41 0.078041
42 0.104965
43 0.118722
44 0.0926846
45 0.104082
46 0.0869375
47 0.223709
48 0.117315
49 0.241928
50 0.151331
51 0.0834824
52 0.0870485
53 0.279611
54 0.163298
55 0.121162
56 0.0933686
57 0.110049
58 0.111903
59 0.118696
60 0.100658
61 0.0994509
62 0.116333
63 0.1233
64 0.0973766
65 0.0826049
66 0.166124
67 0.095766
68 0.144473
69 0.0878534
70 0.094991
71 0.114321
72 0.120021
73 0.144164
74 0.20035
75 0.0869739
76 0.289914
