1 0.0896761
2 0.136773
3 0.154772
4 0.163337
5 0.185396
6 0.25948
7 0.136708
8 0.160493
9 0.271449
10 0.141674
11 0.177613
12 0.197358
13 0.241601
14 0.190291
15 0.141139
16 0.131412
17 0.256678
18 0.198657
19 0.209171
20 0.1723
21 0.211755
22 0.106261
23 0.133054
24 0.199958
25 0.140778
26 0.153227
27 0.144794
28 0.226501
29 0.180545
30 0.234432
31 0.123881
32 0.144365
33 0.118557
34 0.142308
35 0.194822
36 0.147797
37 0.218183
38 0.141951
39 0.16162
40 0.183489
41 0.10918
42 0.192056
43 0.161079
44 0.162864
45 0.161027
46 0.149589
47 0.274812
48 0.178116
49 0.347599
50 0.200405
51 0.113988
52 0.130485
53 0.391686
54 0.212572
55 0.168844
56 0.215058
57 0.226498
58 0.180471
59 0.181479
60 0.153563
61 0.127984
62 0.17445
63 0.243394
64 0.180243
65 0.110272
66 0.220423
67 0.171057
68 0.260099
69 0.130125
70 0.154998
71 0.160347
72 0.212595
73 0.196467
74 0.231716
75 0.133406
76 0.236269
