1 0.0744059
2 0.0872464
3 0.11858
4 0.102896
5 0.136331
6 0.171638
7 0.104363
8 0.0941914
9 0.166716
10 0.0981286
11 0.112519
12 0.135627
13 0.143997
14 0.121511
15 0.109639
16 0.0972545
17 0.149421
18 0.120246
19 0.121276
20 0.129737
21 0.0997095
22 0.0658941
23 0.10156
24 0.143526
25 0.146889
26 0.12948
27 0.108705
28 0.179102
29 0.105854
30 0.186716
31 0.0896078
32 0.105273
33 0.094338
34 0.120181
35 0.130454
36 0.115162
37 0.174039
38 0.111689
39 0.114126
40 0.111715
41 0.088405
42 0.132014
43 0.12939
44 0.109312
45 0.11884
46 0.0905936
47 0.236535
48 0.127171
49 0.285749
50 0.162127
51 0.0880158
52 0.0981629
53 0.301038
54 0.17117
55 0.127447
56 0.124414
57 0.138584
58 0.128772
59 0.142298
60 0.121375
61 0.11187
62 0.129391
63 0.147387
64 0.114556
65 0.0884607
66 0.161495
67 0.106858
68 0.177979
69 0.102264
70 0.107784
71 0.124015
72 0.131989
73 0.149011
74 0.207041
75 0.0893562
76 0.25282
