0.100536
0.283552
0.231713
0.204372
0.200908
0.096392
0.155683
0.203979
0.164244
0.19262
0.153637
0.134793
0.12939
0.155936
0.131745
0.179127
0.151816
0.101341
0.112366
0.255711
0.169245
0.283318
0.096587
0.174736
0.16281
0.213352
0.11881
0.113086
0.129423
0.185809
0.196301
0.172112
0.194529
0.0953031
0.202469
0.149929
0.155912
0.103209
0.179823
0.221142
0.117024
0.170457
0.183481
0.266129
0.153244
0.150626
0.170849
0.136044
0.197879
0.13121
0.223469
0.146539
0.315074
0.107354
0.162494
0.196509
0.123426
0.112114
0.142767
