0.154257
0.240276
0.233277
0.178706
0.14135
0.141703
0.163846
0.14338
0.230293
0.248401
0.117928
0.157713
0.199013
0.1595
0.207899
0.175095
0.24114
0.188018
0.140223
0.143021
0.133061
0.213253
0.134415
0.188238
0.178773
0.190104
0.135622
0.11215
0.212787
0.226665
0.170427
0.141272
0.164891
0.0831809
0.148971
0.137878
0.11933
0.199153
0.143965
0.216749
0.122319
0.146915
0.132909
0.300532
0.15082
0.215334
0.208144
0.149754
0.155004
0.108459
0.186585
0.144236
0.223533
0.0929367
0.164447
0.175148
0.148321
0.15546
0.226978
