1 0.0712235
2 0.0664184
3 0.0754345
4 0.0714898
5 0.0674705
6 0.0577787
7 0.0653101
8 0.0604583
9 0.068463
10 0.0869667
11 0.0571138
12 0.0577702
13 0.0641254
14 0.0557669
15 0.0617529
16 0.0723319
17 0.0781352
18 0.0631126
19 0.0626132
20 0.0768514
21 0.0651205
22 0.0726146
23 0.0603526
24 0.0646509
25 0.0762637
26 0.0755147
27 0.0590638
28 0.0512279
29 0.0692947
30 0.0800345
31 0.0863227
32 0.0646382
33 0.0533722
34 0.0589388
35 0.0625364
36 0.0760555
37 0.0469626
38 0.0600555
39 0.090295
40 0.0943089
41 0.0610944
42 0.0714478
43 0.0638671
44 0.100151
45 0.0678904
46 0.0757489
47 0.0859311
48 0.0604417
49 0.0753853
50 0.0721025
51 0.0784002
52 0.0804531
53 0.0903816
54 0.0571219
55 0.0715581
56 0.0856945
57 0.0530688
58 0.069015
59 0.303203
