1 0.159204
2 0.132017
3 0.147922
4 0.105186
5 0.103987
6 0.0713033
7 0.104348
8 0.0843403
9 0.111
10 0.138392
11 0.087447
12 0.0916921
13 0.0903464
14 0.0867663
15 0.100326
16 0.126468
17 0.124762
18 0.0940885
19 0.0724688
20 0.129639
21 0.0861132
22 0.142513
23 0.0824246
24 0.130168
25 0.147112
26 0.1091
27 0.0898675
28 0.0746571
29 0.106912
30 0.119294
31 0.0972893
32 0.0797166
33 0.0803104
34 0.0508321
35 0.0798583
36 0.116122
37 0.101573
38 0.099875
39 0.147105
40 0.16747
41 0.0754454
42 0.0909622
43 0.130007
44 0.21575
45 0.09658
46 0.146125
47 0.140774
48 0.0935612
49 0.0963568
50 0.0944859
51 0.130345
52 0.11797
53 0.21309
54 0.0749387
55 0.100472
56 0.130796
57 0.0810246
58 0.0879336
59 0.28212
