1 0.132077
2 0.203505
3 0.250502
4 0.133543
5 0.12966
6 0.126079
7 0.127525
8 0.154364
9 0.209997
10 0.196801
11 0.134578
12 0.158293
13 0.152923
14 0.124924
15 0.133904
16 0.158631
17 0.202612
18 0.137203
19 0.129448
20 0.131395
21 0.132918
22 0.222937
23 0.114658
24 0.137602
25 0.14427
26 0.169597
27 0.125406
28 0.105746
29 0.153852
30 0.222834
31 0.1695
32 0.104005
33 0.132088
34 0.0653643
35 0.101394
36 0.145402
37 0.112291
38 0.132613
39 0.126343
40 0.191421
41 0.116151
42 0.125491
43 0.144367
44 0.226129
45 0.126138
46 0.194383
47 0.193713
48 0.128786
49 0.145327
50 0.127683
51 0.189216
52 0.141659
53 0.215625
54 0.104499
55 0.160358
56 0.168522
57 0.116307
58 0.11508
59 0.202938
