0.152009
0.240953
0.327616
0.178515
0.178163
0.135121
0.173339
0.148088
0.258357
0.226126
0.145546
0.194946
0.217316
0.173439
0.174029
0.198684
0.252967
0.19353
0.111231
0.15988
0.125701
0.289201
0.150859
0.200172
0.177748
0.235425
0.137552
0.107499
0.264583
0.230536
0.198636
0.255577
0.151764
0.109278
0.114265
0.181362
0.139397
0.180773
0.186893
0.204662
0.094524
0.171793
0.203191
0.194431
0.196703
0.224031
0.245992
0.16566
0.163213
0.130597
0.195964
0.18882
0.20711
0.157705
0.132611
0.169273
0.185271
0.182283
0.233633
