0.129208
0.199172
0.194202
0.120955
0.118045
0.11641
0.131011
0.111096
0.209692
0.18235
0.10493
0.111223
0.133705
0.113608
0.12288
0.13927
0.21022
0.118239
0.109039
0.144096
0.133399
0.215773
0.105977
0.133274
0.137314
0.166097
0.10617
0.0981325
0.167187
0.182225
0.14468
0.120423
0.118459
0.0545288
0.12577
0.166537
0.0939913
0.119296
0.144567
0.191413
0.102608
0.115406
0.118477
0.313049
0.117858
0.151607
0.188248
0.135562
0.120738
0.103617
0.185703
0.1446
0.186941
0.103218
0.148856
0.150464
0.099768
0.0816183
0.188145
