1 0.181278
2 0.210244
3 0.288041
4 0.168158
5 0.118061
6 0.142366
7 0.151843
8 0.130015
9 0.218002
10 0.188079
11 0.120117
12 0.15605
13 0.155727
14 0.132831
15 0.139165
16 0.181615
17 0.215479
18 0.127442
19 0.107998
20 0.164326
21 0.155722
22 0.183611
23 0.137539
24 0.134109
25 0.172378
26 0.158881
27 0.124695
28 0.108082
29 0.245321
30 0.182671
31 0.177112
32 0.110288
33 0.140846
34 0.167106
35 0.12393
36 0.143679
37 0.111095
38 0.153384
39 0.163842
40 0.206213
41 0.141813
42 0.171714
43 0.154987
44 0.208728
45 0.165835
46 0.198738
47 0.192143
48 0.113126
49 0.160349
50 0.1072
51 0.215097
52 0.143559
53 0.224778
54 0.10275
55 0.113271
56 0.15389
57 0.0978205
58 0.113222
59 0.308674
