0.159546
0.205424
0.220312
0.166593
0.192819
0.160732
0.172112
0.147232
0.313728
0.190345
0.140183
0.184182
0.208505
0.128884
0.166533
0.18835
0.249589
0.179936
0.125584
0.145919
0.159
0.256872
0.146408
0.203698
0.18402
0.262057
0.117307
0.0999156
0.136084
0.229489
0.196829
0.184506
0.153547
0.0849455
0.139956
0.149252
0.122672
0.174266
0.170053
0.246774
0.120665
0.142527
0.171491
0.228717
0.194694
0.297244
0.222183
0.168434
0.154863
0.116877
0.251956
0.157365
0.189755
0.120711
0.13143
0.172868
0.158564
0.174821
0.280822
