1 0.216726
2 0.265053
3 0.234532
4 0.168164
5 0.101276
6 0.131171
7 0.145675
8 0.135621
9 0.211088
10 0.202318
11 0.105134
12 0.160108
13 0.138158
14 0.0952862
15 0.142642
16 0.205387
17 0.225668
18 0.120147
19 0.0999936
20 0.137433
21 0.156719
22 0.167123
23 0.111055
24 0.182282
25 0.174348
26 0.177319
27 0.126692
28 0.110543
29 0.213329
30 0.211607
31 0.173575
32 0.119257
33 0.135105
34 0.0720346
35 0.117629
36 0.149341
37 0.134094
38 0.120433
39 0.140399
40 0.194808
41 0.122799
42 0.121862
43 0.187245
44 0.19868
45 0.150697
46 0.230641
47 0.198135
48 0.132828
49 0.143264
50 0.108697
51 0.20842
52 0.162963
53 0.195462
54 0.115573
55 0.113082
56 0.150372
57 0.13149
58 0.129625
59 0.271788
