1 0.245393
2 0.211813
3 0.30052
4 0.194491
5 0.1638
6 0.147195
7 0.175179
8 0.215758
9 0.270202
10 0.218869
11 0.158028
12 0.201688
13 0.187517
14 0.158519
15 0.214068
16 0.201138
17 0.241183
18 0.203015
19 0.154979
20 0.136302
21 0.155164
22 0.257482
23 0.142384
24 0.187003
25 0.206397
26 0.21893
27 0.144259
28 0.116587
29 0.327089
30 0.245974
31 0.176165
32 0.123506
33 0.203242
34 0.120407
35 0.120001
36 0.174647
37 0.151493
38 0.201128
39 0.165388
40 0.234359
41 0.131319
42 0.165371
43 0.145404
44 0.232152
45 0.179134
46 0.293555
47 0.206791
48 0.136105
49 0.20362
50 0.0976528
51 0.207986
52 0.154969
53 0.225926
54 0.12681
55 0.171788
56 0.193599
57 0.177083
58 0.139317
59 0.378323
