1 0.100155
2 0.246463
3 0.210943
4 0.173852
5 0.182982
6 0.114448
7 0.137535
8 0.162008
9 0.144124
10 0.158522
11 0.114918
12 0.150017
13 0.102835
14 0.137039
15 0.170972
16 0.192256
17 0.134818
18 0.114184
19 0.0908601
20 0.2241
21 0.157608
22 0.253295
23 0.0956097
24 0.162317
25 0.175944
26 0.170243
27 0.118565
28 0.106538
29 0.124015
30 0.171188
31 0.156748
32 0.136058
33 0.145041
34 0.0710763
35 0.159268
36 0.130011
37 0.138743
38 0.109009
39 0.170062
40 0.216012
41 0.0761117
42 0.163931
43 0.177254
44 0.25261
45 0.12793
46 0.153866
47 0.155307
48 0.14982
49 0.159594
50 0.116372
51 0.2304
52 0.131357
53 0.238684
54 0.101532
55 0.167841
56 0.188812
57 0.15133
58 0.125234
59 0.23959
