1 0.115139
2 0.0901149
3 0.0998952
4 0.0828772
5 0.0889564
6 0.0639193
7 0.0753612
8 0.0649244
9 0.0980588
10 0.101552
11 0.0657327
12 0.0745153
13 0.0705899
14 0.0722072
15 0.0800051
16 0.101233
17 0.105927
18 0.073358
19 0.0650043
20 0.106577
21 0.101589
22 0.104356
23 0.063673
24 0.0825466
25 0.0947665
26 0.094519
27 0.0734372
28 0.0624197
29 0.0844772
30 0.109131
31 0.102041
32 0.0723834
33 0.0683917
34 0.0655561
35 0.0740046
36 0.0863591
37 0.0651835
38 0.0935493
39 0.109739
40 0.131157
41 0.0614211
42 0.0752835
43 0.0903188
44 0.140543
45 0.0944533
46 0.113712
47 0.127726
48 0.0813342
49 0.0824555
50 0.0852963
51 0.117092
52 0.0960531
53 0.118343
54 0.0701683
55 0.0861146
56 0.109877
57 0.0839149
58 0.0738277
59 0.347448
