1 0.151323
2 0.207287
3 0.235954
4 0.161727
5 0.160538
6 0.119821
7 0.146592
8 0.130146
9 0.249898
10 0.240366
11 0.117743
12 0.171221
13 0.191495
14 0.142988
15 0.191931
16 0.167188
17 0.21677
18 0.171769
19 0.127045
20 0.160281
21 0.138688
22 0.209704
23 0.118727
24 0.160836
25 0.170826
26 0.18748
27 0.138092
28 0.108312
29 0.146006
30 0.201649
31 0.195503
32 0.0909881
33 0.154613
34 0.08508
35 0.129099
36 0.166975
37 0.0988757
38 0.152779
39 0.134595
40 0.222123
41 0.115075
42 0.126915
43 0.135526
44 0.24863
45 0.152513
46 0.202261
47 0.214347
48 0.147617
49 0.150535
50 0.153107
51 0.187442
52 0.149113
53 0.281776
54 0.114684
55 0.106924
56 0.163494
57 0.151666
58 0.14726
59 0.281288
