0.106127
0.0872163
0.113722
0.0898138
0.0878412
0.066896
0.0926259
0.0795877
0.0969955
0.113952
0.0737763
0.0816747
0.0785732
0.0784651
0.0834626
0.0907845
0.124083
0.0720989
0.0764899
0.11445
0.0942519
0.123564
0.0698413
0.0977894
0.0962136
0.114661
0.0797971
0.0654944
0.0947387
0.093931
0.103121
0.0707382
0.0781554
0.0520757
0.0773544
0.0853108
0.0645141
0.0845931
0.111152
0.12097
0.0682488
0.0915847
0.0962267
0.152641
0.086692
0.0863133
0.0992462
0.0961191
0.0789434
0.0827673
0.12894
0.0899071
0.155988
0.0764906
0.10034
0.11679
0.0676072
0.0731815
0.104531
