0.147881
0.201847
0.253748
0.194991
0.12433
0.196937
0.158216
0.172555
0.249108
0.419458
0.144793
0.223517
0.184928
0.160342
0.275185
0.203627
0.256871
0.180883
0.0996921
0.131288
0.166786
0.24884
0.138567
0.219259
0.234352
0.253403
0.145903
0.105234
0.183775
0.176782
0.20495
0.210248
0.160691
0.168161
0.171682
0.16437
0.133393
0.14831
0.143338
0.180601
0.12384
0.14551
0.184101
0.205413
0.175544
0.221906
0.287258
0.195586
0.178902
0.127325
0.228351
0.191577
0.255013
0.117731
0.158072
0.175711
0.16838
0.161636
0.283227
