0.131778
0.240202
0.236993
0.181272
0.141676
0.123899
0.140803
0.132024
0.245707
0.210524
0.135672
0.181037
0.173397
0.180162
0.179839
0.179036
0.232244
0.200194
0.112988
0.16754
0.143821
0.207426
0.135501
0.178166
0.149677
0.199597
0.134301
0.118815
0.139791
0.240553
0.231767
0.184627
0.144445
0.0825673
0.100377
0.173545
0.120834
0.155173
0.147572
0.169432
0.116529
0.149542
0.147361
0.206074
0.148002
0.215332
0.292899
0.172122
0.154438
0.118725
0.216143
0.156486
0.203714
0.115702
0.130901
0.155458
0.113325
0.150644
0.186672
