0.218975
0.243489
0.27551
0.161905
0.119194
0.149736
0.174357
0.134659
0.218643
0.192695
0.130362
0.181185
0.14319
0.153402
0.159788
0.17406
0.209984
0.108821
0.0861841
0.196113
0.151552
0.20798
0.118761
0.189909
0.259803
0.204694
0.125797
0.108624
0.209838
0.191153
0.17916
0.107724
0.144485
0.0583592
0.10722
0.22878
0.132206
0.238247
0.203601
0.234764
0.0999189
0.12344
0.235167
0.226368
0.151508
0.278244
0.232263
0.184858
0.193266
0.134224
0.190411
0.164474
0.283565
0.103544
0.143569
0.166776
0.199267
0.176017
0.185803
