1 0.138222
2 0.115115
3 0.126905
4 0.110218
5 0.10752
6 0.0938643
7 0.0955655
8 0.093628
9 0.12956
10 0.124305
11 0.0777246
12 0.0890751
13 0.0849709
14 0.0879799
15 0.083565
16 0.13038
17 0.131002
18 0.0986492
19 0.0821875
20 0.123079
21 0.0953551
22 0.125909
23 0.0796296
24 0.108372
25 0.137703
26 0.115532
27 0.0925455
28 0.0750592
29 0.0881214
30 0.148498
31 0.105741
32 0.0811172
33 0.0889034
34 0.0572861
35 0.0731817
36 0.108146
37 0.0802445
38 0.112884
39 0.124591
40 0.16343
41 0.0731603
42 0.0871421
43 0.135096
44 0.195182
45 0.0922693
46 0.13524
47 0.116383
48 0.107154
49 0.100858
50 0.0975172
51 0.136386
52 0.111172
53 0.167469
54 0.0786192
55 0.0945178
56 0.136527
57 0.0778665
58 0.0963375
59 0.19236
