1 0.0854769
2 0.0818214
3 0.0774501
4 0.0766554
5 0.0807966
6 0.0645456
7 0.0672582
8 0.0602726
9 0.0793268
10 0.0895276
11 0.0666863
12 0.0670726
13 0.0611923
14 0.0610963
15 0.0689928
16 0.0742852
17 0.0884757
18 0.066509
19 0.0686434
20 0.0870438
21 0.0729625
22 0.0741894
23 0.0666116
24 0.0721683
25 0.0725743
26 0.0802763
27 0.0672725
28 0.0598767
29 0.068524
30 0.0853375
31 0.0854028
32 0.0683024
33 0.0647682
34 0.0612374
35 0.0648438
36 0.0825236
37 0.0575942
38 0.0674691
39 0.0955311
40 0.100509
41 0.0653982
42 0.0754939
43 0.0876587
44 0.1233
45 0.0773511
46 0.0826233
47 0.0955796
48 0.0751171
49 0.0752259
50 0.0748029
51 0.0964449
52 0.0837632
53 0.114597
54 0.0675148
55 0.0762315
56 0.0957257
57 0.0576739
58 0.0734971
59 0.326684
