1 0.148786
2 0.142306
3 0.188987
4 0.119979
5 0.115741
6 0.104491
7 0.113033
8 0.105406
9 0.171954
10 0.169374
11 0.0934234
12 0.112069
13 0.128572
14 0.123366
15 0.113545
16 0.12378
17 0.176873
18 0.110499
19 0.0961716
20 0.184663
21 0.112685
22 0.149313
23 0.106827
24 0.121754
25 0.112393
26 0.150536
27 0.107535
28 0.0954644
29 0.166612
30 0.169921
31 0.127433
32 0.108
33 0.107468
34 0.0931495
35 0.0955897
36 0.116736
37 0.0955236
38 0.129829
39 0.127669
40 0.177412
41 0.100313
42 0.107471
43 0.114944
44 0.2142
45 0.129549
46 0.15556
47 0.223982
48 0.13048
49 0.135153
50 0.105783
51 0.167962
52 0.136836
53 0.173245
54 0.100926
55 0.114863
56 0.153745
57 0.0976459
58 0.0841654
59 0.191451
