0.108846
0.147934
0.200871
0.117329
0.120135
0.101774
0.112649
0.113393
0.173234
0.166356
0.097413
0.114605
0.11249
0.102044
0.110852
0.133218
0.162389
0.103601
0.08708
0.129645
0.114985
0.157775
0.106113
0.117225
0.119001
0.139116
0.114997
0.0874056
0.125192
0.152188
0.140286
0.097232
0.114853
0.064862
0.110651
0.131669
0.0835069
0.130366
0.131178
0.163437
0.0766908
0.102345
0.117245
0.205808
0.131763
0.131573
0.187386
0.122272
0.115823
0.0951151
0.170309
0.151396
0.185593
0.0867354
0.109211
0.145217
0.0915008
0.0739717
0.1411
