1 0.227837
2 0.165328
3 0.218227
4 0.162686
5 0.131614
6 0.148314
7 0.151411
8 0.129022
9 0.173796
10 0.180273
11 0.121151
12 0.128239
13 0.135957
14 0.137392
15 0.114813
16 0.160594
17 0.20347
18 0.156217
19 0.100536
20 0.144649
21 0.168033
22 0.167711
23 0.10637
24 0.166096
25 0.235085
26 0.169054
27 0.116394
28 0.107916
29 0.170369
30 0.203729
31 0.156492
32 0.13752
33 0.16293
34 0.0849708
35 0.101469
36 0.194037
37 0.135436
38 0.188377
39 0.166091
40 0.223309
41 0.0994993
42 0.123765
43 0.208065
44 0.267448
45 0.128509
46 0.223977
47 0.171347
48 0.130059
49 0.147454
50 0.117884
51 0.192907
52 0.136148
53 0.329617
54 0.0956263
55 0.147142
56 0.177807
57 0.156771
58 0.106038
59 0.503904
