1 0.140571
2 0.119661
3 0.142769
4 0.108667
5 0.109668
6 0.105779
7 0.106885
8 0.101562
9 0.137463
10 0.136431
11 0.0927304
12 0.0989209
13 0.0853894
14 0.089658
15 0.102699
16 0.119881
17 0.144086
18 0.093417
19 0.0855353
20 0.137238
21 0.113613
22 0.14068
23 0.0844495
24 0.124232
25 0.127079
26 0.146059
27 0.0962368
28 0.0715416
29 0.140725
30 0.136786
31 0.098516
32 0.0913728
33 0.104491
34 0.0674358
35 0.0986528
36 0.121231
37 0.0737528
38 0.108175
39 0.133019
40 0.143697
41 0.0901132
42 0.0942352
43 0.098209
44 0.15876
45 0.0988394
46 0.116822
47 0.137292
48 0.0990675
49 0.0970424
50 0.0948707
51 0.174403
52 0.122942
53 0.173403
54 0.0909528
55 0.0994189
56 0.135594
57 0.0875416
58 0.103827
59 0.210924
