0.126608
0.109778
0.12823
0.105579
0.118768
0.0624777
0.132201
0.11882
0.0836111
0.100071
0.0797819
0.0808131
0.070178
0.0841598
0.0977681
0.0983956
0.0972193
0.069414
0.0698192
0.161311
0.117739
0.145401
0.0632058
0.120879
0.168879
0.156995
0.0684915
0.0629316
0.068532
0.0817947
0.106065
0.0836446
0.0790592
0.0520544
0.103641
0.0797126
0.079643
0.0695194
0.112779
0.114436
0.0678903
0.0993958
0.100296
0.16251
0.084898
0.152782
0.110294
0.0901358
0.0802629
0.0719915
0.137624
0.0867584
0.13942
0.0750075
0.127848
0.125975
0.112417
0.0790398
0.142419
