1 0.157184
2 0.227892
3 0.259501
4 0.173543
5 0.141436
6 0.114254
7 0.172804
8 0.148715
9 0.25715
10 0.258088
11 0.115109
12 0.167728
13 0.177614
14 0.153677
15 0.198256
16 0.214532
17 0.218814
18 0.162342
19 0.153117
20 0.139009
21 0.155407
22 0.278373
23 0.132308
24 0.171193
25 0.157279
26 0.209731
27 0.131752
28 0.109115
29 0.179923
30 0.216139
31 0.186823
32 0.130202
33 0.143608
34 0.0773842
35 0.122526
36 0.150777
37 0.117977
38 0.196559
39 0.137962
40 0.223692
41 0.115946
42 0.16791
43 0.132654
44 0.311107
45 0.178527
46 0.200117
47 0.226505
48 0.170844
49 0.151211
50 0.133082
51 0.195214
52 0.169208
53 0.266233
54 0.0964288
55 0.165279
56 0.17648
57 0.142803
58 0.145807
59 0.366374
