1 0.160086
2 0.0982083
3 0.13574
4 0.108831
5 0.104816
6 0.0863362
7 0.107934
8 0.0922327
9 0.128265
10 0.132569
11 0.0844595
12 0.0866642
13 0.0906833
14 0.0924152
15 0.103562
16 0.158913
17 0.139759
18 0.0926509
19 0.0845849
20 0.129974
21 0.107941
22 0.139759
23 0.080177
24 0.11594
25 0.141523
26 0.125653
27 0.0897589
28 0.0720022
29 0.105356
30 0.15756
31 0.107386
32 0.0909484
33 0.0982583
34 0.0651936
35 0.0960566
36 0.117343
37 0.0813915
38 0.103203
39 0.13831
40 0.172602
41 0.0792243
42 0.0933361
43 0.138595
44 0.189192
45 0.0878792
46 0.144
47 0.0993651
48 0.113577
49 0.11725
50 0.101221
51 0.147104
52 0.107137
53 0.190726
54 0.0767256
55 0.0954781
56 0.138327
57 0.0937637
58 0.118245
59 0.198384
