0.150094
0.107298
0.147707
0.093335
0.0984161
0.0729615
0.0948399
0.0708691
0.107174
0.117881
0.0999011
0.0831231
0.0724681
0.0876258
0.0832232
0.137278
0.1122
0.0845479
0.0835561
0.147548
0.101309
0.107601
0.0800566
0.113509
0.132016
0.131318
0.096454
0.0680967
0.0924411
0.116275
0.0984077
0.0713835
0.0708836
0.0674694
0.0750243
0.0930938
0.09727
0.0854761
0.126624
0.136419
0.0724785
0.0895742
0.101083
0.199416
0.087587
0.139719
0.12806
0.0925817
0.0913805
0.0937254
0.127971
0.0999803
0.176407
0.0789748
0.0900127
0.118894
0.071121
0.0827643
0.12917
