0.180001
0.127288
0.159689
0.103812
0.127115
0.120769
0.115225
0.0972462
0.147698
0.12979
0.0924947
0.115297
0.10166
0.0959672
0.101645
0.154017
0.155491
0.0859334
0.0900367
0.124546
0.104163
0.152576
0.0848483
0.13786
0.162037
0.129369
0.099784
0.0826325
0.123615
0.167124
0.132633
0.100929
0.0971186
0.0703726
0.089498
0.114426
0.0921234
0.158786
0.128316
0.180786
0.0823731
0.102926
0.152333
0.212218
0.123938
0.148774
0.152785
0.11617
0.120552
0.11448
0.158874
0.124871
0.210502
0.0966253
0.109494
0.155838
0.121529
0.0822306
0.142796
