0.128739
0.225043
0.302248
0.179305
0.164509
0.102632
0.148191
0.176792
0.278746
0.27967
0.136416
0.157421
0.203168
0.156226
0.226992
0.214689
0.251475
0.179717
0.128392
0.186337
0.128594
0.246309
0.127626
0.173404
0.163469
0.248361
0.12684
0.107957
0.194503
0.242726
0.212527
0.162393
0.155721
0.0788876
0.140512
0.19374
0.135888
0.149345
0.168708
0.160646
0.0962024
0.146904
0.191431
0.236735
0.154713
0.234166
0.268956
0.146246
0.177989
0.126957
0.209567
0.212126
0.220872
0.146174
0.150057
0.152256
0.139454
0.129283
0.245092
