0.106299
0.0888298
0.105734
0.0973244
0.0987477
0.0907906
0.095215
0.0788094
0.11096
0.110348
0.0849299
0.081079
0.0798595
0.0840369
0.0728582
0.0948929
0.127099
0.0727582
0.0877521
0.11764
0.0953952
0.110772
0.0816057
0.104257
0.0981605
0.11113
0.0865916
0.0627765
0.102061
0.10689
0.0934737
0.0742129
0.0873677
0.065599
0.0792254
0.101775
0.0622377
0.085834
0.118685
0.138386
0.0790045
0.102429
0.0899013
0.142334
0.0840764
0.0997766
0.133617
0.0887131
0.0960904
0.0946819
0.124913
0.110074
0.144592
0.0821453
0.100285
0.126419
0.0717203
0.0919116
0.112845
