1 0.132536
2 0.197717
3 0.215165
4 0.131406
5 0.14205
6 0.121555
7 0.146324
8 0.121295
9 0.191504
10 0.167077
11 0.100915
12 0.130148
13 0.12957
14 0.114787
15 0.144619
16 0.152044
17 0.18759
18 0.104931
19 0.121684
20 0.104586
21 0.135892
22 0.178019
23 0.103811
24 0.125934
25 0.146421
26 0.154259
27 0.114385
28 0.0967421
29 0.14577
30 0.169308
31 0.143987
32 0.106999
33 0.114619
34 0.0975376
35 0.111727
36 0.148984
37 0.0966785
38 0.115789
39 0.120493
40 0.178733
41 0.0865005
42 0.127378
43 0.146247
44 0.275802
45 0.129759
46 0.146212
47 0.172135
48 0.130335
49 0.144352
50 0.120812
51 0.197005
52 0.147135
53 0.174853
54 0.0858181
55 0.136587
56 0.149575
57 0.0894236
58 0.0807398
59 0.411747
