0.225561
0.275089
0.283258
0.188879
0.127378
0.181618
0.157454
0.164663
0.226778
0.250969
0.127774
0.233082
0.215845
0.136268
0.220532
0.21953
0.209197
0.249151
0.138853
0.197243
0.162144
0.223979
0.131044
0.245343
0.179875
0.247059
0.154352
0.115606
0.284879
0.197605
0.192405
0.152114
0.179632
0.18367
0.143827
0.160791
0.168673
0.186874
0.175199
0.23384
0.11508
0.149485
0.211097
0.246475
0.167007
0.292963
0.28609
0.165596
0.181702
0.126445
0.214307
0.162345
0.243338
0.121321
0.144565
0.150487
0.210216
0.208664
0.293762
