1 0.161061
2 0.215899
3 0.249108
4 0.158159
5 0.161591
6 0.144653
7 0.147072
8 0.12421
9 0.267361
10 0.304227
11 0.141912
12 0.154275
13 0.201449
14 0.174978
15 0.20843
16 0.207428
17 0.2532
18 0.207345
19 0.111502
20 0.186923
21 0.160004
22 0.240254
23 0.141245
24 0.18118
25 0.194436
26 0.244666
27 0.150975
28 0.117093
29 0.162989
30 0.219011
31 0.202655
32 0.183123
33 0.163485
34 0.190768
35 0.12698
36 0.155896
37 0.123971
38 0.180708
39 0.136417
40 0.230682
41 0.112192
42 0.145968
43 0.139126
44 0.301394
45 0.150712
46 0.218721
47 0.226369
48 0.206907
49 0.187677
50 0.151897
51 0.218238
52 0.163385
53 0.223459
54 0.12031
55 0.133961
56 0.182166
57 0.149431
58 0.159714
59 0.502847
