0.132034
0.206652
0.252937
0.155871
0.148933
0.144656
0.148219
0.129537
0.235997
0.199516
0.123788
0.130682
0.182873
0.131806
0.180871
0.171695
0.206234
0.115898
0.127702
0.124988
0.146702
0.197125
0.115612
0.150674
0.157715
0.176449
0.138278
0.120951
0.139864
0.203795
0.166942
0.128672
0.140817
0.115316
0.108994
0.146391
0.105026
0.164689
0.171267
0.208655
0.101941
0.140411
0.159697
0.204082
0.156814
0.184193
0.203852
0.134234
0.157897
0.114085
0.208956
0.143829
0.264203
0.0960491
0.139645
0.156047
0.126372
0.141379
0.187371
