0.169112
0.233319
0.318731
0.196007
0.172273
0.160039
0.201561
0.156749
0.257333
0.272027
0.156908
0.190027
0.198426
0.130966
0.227521
0.190267
0.25343
0.248826
0.153613
0.136585
0.148051
0.233104
0.139033
0.172571
0.231202
0.266975
0.157126
0.116425
0.217232
0.248003
0.188363
0.189253
0.144274
0.166999
0.130333
0.161153
0.141196
0.237102
0.187067
0.212079
0.10383
0.188393
0.156113
0.26763
0.210228
0.241916
0.192572
0.175291
0.199912
0.128408
0.208558
0.175049
0.22166
0.11798
0.160179
0.173543
0.1823
0.155876
0.240022
