1 0.133906
2 0.253991
3 0.247865
4 0.180264
5 0.157471
6 0.15727
7 0.178883
8 0.156145
9 0.292205
10 0.301987
11 0.118317
12 0.190458
13 0.186585
14 0.15144
15 0.215956
16 0.190031
17 0.235704
18 0.157422
19 0.146112
20 0.168261
21 0.154316
22 0.251698
23 0.134855
24 0.199777
25 0.161583
26 0.246275
27 0.130268
28 0.131135
29 0.189615
30 0.199121
31 0.213618
32 0.159713
33 0.141865
34 0.0712049
35 0.1201
36 0.182013
37 0.11368
38 0.176145
39 0.14154
40 0.212849
41 0.0974603
42 0.135672
43 0.140536
44 0.32172
45 0.146543
46 0.238208
47 0.208309
48 0.159119
49 0.165715
50 0.10841
51 0.220313
52 0.156735
53 0.223857
54 0.123171
55 0.128054
56 0.161652
57 0.143482
58 0.134589
59 0.262758
