1 0.100272
2 0.225094
3 0.181212
4 0.248024
5 0.164878
6 0.201198
7 0.115513
8 0.195126
9 0.20409
10 0.373231
11 0.245931
12 0.219642
13 0.211117
14 0.228149
15 0.132295
16 0.178888
17 0.244475
18 0.186889
19 0.162147
20 0.103348
21 0.191752
22 0.242679
23 0.122445
24 0.166263
25 0.123248
26 0.192961
27 0.15521
28 0.188275
29 0.23038
30 0.293952
31 0.234532
32 0.178623
33 0.281948
34 0.136195
35 0.256067
36 0.273547
37 0.234345
38 0.162788
39 0.254232
40 0.275461
41 0.133496
42 0.218512
43 0.211914
44 0.176234
45 0.247016
46 0.136166
47 0.263174
48 0.312208
49 0.262083
50 0.201755
51 0.170636
52 0.18079
53 0.352254
54 0.193598
55 0.130174
56 0.205995
57 0.126989
58 0.223606
59 0.379453
