0.206716
0.205973
0.259279
0.169052
0.137913
0.179619
0.214208
0.184299
0.26
0.225668
0.153446
0.188285
0.167625
0.171559
0.163537
0.16385
0.208121
0.151638
0.115229
0.239219
0.147782
0.235153
0.133075
0.242105
0.245693
0.207932
0.128956
0.124952
0.246106
0.214175
0.206723
0.165249
0.173031
0.129713
0.129749
0.228687
0.201046
0.283522
0.173553
0.270519
0.0911703
0.124831
0.24121
0.258437
0.162895
0.318239
0.25136
0.167094
0.176369
0.106076
0.189707
0.177442
0.292987
0.11652
0.177071
0.192106
0.235065
0.194411
0.310028
