1 0.232659
2 0.213124
3 0.345326
4 0.194568
5 0.183282
6 0.187766
7 0.224679
8 0.196136
9 0.263461
10 0.305195
11 0.16856
12 0.208942
13 0.173575
14 0.192251
15 0.232417
16 0.176661
17 0.225297
18 0.251603
19 0.149778
20 0.134244
21 0.193536
22 0.219565
23 0.138563
24 0.223977
25 0.300759
26 0.224631
27 0.128484
28 0.103631
29 0.314176
30 0.204823
31 0.215719
32 0.109594
33 0.219146
34 0.135905
35 0.11123
36 0.307391
37 0.228112
38 0.33152
39 0.238031
40 0.256297
41 0.108084
42 0.152304
43 0.225785
44 0.289802
45 0.142812
46 0.344618
47 0.278064
48 0.220232
49 0.233728
50 0.11905
51 0.22279
52 0.195164
53 0.316584
54 0.102103
55 0.198726
56 0.209925
57 0.302453
58 0.186942
59 0.374936
