1 0.149082
2 0.206751
3 0.210783
4 0.171503
5 0.132596
6 0.122473
7 0.14155
8 0.158939
9 0.227346
10 0.270615
11 0.132665
12 0.1571
13 0.161004
14 0.142651
15 0.210364
16 0.216741
17 0.247184
18 0.165572
19 0.128269
20 0.168777
21 0.128706
22 0.274721
23 0.129599
24 0.190061
25 0.202158
26 0.207618
27 0.131826
28 0.117313
29 0.201487
30 0.193743
31 0.192412
32 0.156511
33 0.142308
34 0.0920901
35 0.155072
36 0.216801
37 0.136858
38 0.143268
39 0.175225
40 0.180365
41 0.14043
42 0.147559
43 0.189461
44 0.211574
45 0.149432
46 0.1881
47 0.310281
48 0.173387
49 0.1769
50 0.114661
51 0.24432
52 0.151737
53 0.180356
54 0.119912
55 0.121581
56 0.1818
57 0.131129
58 0.127482
59 0.364239
