1 0.206214
2 0.203179
3 0.248606
4 0.132367
5 0.139929
6 0.140157
7 0.140116
8 0.124937
9 0.20926
10 0.190469
11 0.104364
12 0.144024
13 0.127529
14 0.118946
15 0.149678
16 0.158671
17 0.177174
18 0.134492
19 0.0934073
20 0.114133
21 0.141902
22 0.147811
23 0.0995979
24 0.160291
25 0.200023
26 0.15808
27 0.105616
28 0.102153
29 0.171475
30 0.185102
31 0.148668
32 0.110437
33 0.119985
34 0.104973
35 0.0930349
36 0.172024
37 0.139695
38 0.175642
39 0.160325
40 0.229039
41 0.0903656
42 0.114382
43 0.223922
44 0.244449
45 0.144022
46 0.221169
47 0.140077
48 0.133668
49 0.154075
50 0.116503
51 0.186419
52 0.161411
53 0.264282
54 0.095272
55 0.130044
56 0.16407
57 0.12844
58 0.114498
59 0.391477
