1 0.121306
2 0.239086
3 0.246284
4 0.151332
5 0.147822
6 0.142341
7 0.135311
8 0.130784
9 0.221484
10 0.224091
11 0.118086
12 0.163545
13 0.164685
14 0.145247
15 0.185219
16 0.161753
17 0.218714
18 0.125494
19 0.109259
20 0.163403
21 0.15687
22 0.247074
23 0.127592
24 0.153942
25 0.145824
26 0.189992
27 0.119765
28 0.110542
29 0.152469
30 0.213414
31 0.206854
32 0.168332
33 0.153488
34 0.0621831
35 0.125536
36 0.174674
37 0.109217
38 0.111973
39 0.16033
40 0.205607
41 0.103557
42 0.133312
43 0.155807
44 0.185266
45 0.152548
46 0.197879
47 0.228045
48 0.13462
49 0.154038
50 0.10895
51 0.186472
52 0.156475
53 0.252598
54 0.106699
55 0.107194
56 0.150961
57 0.137332
58 0.120438
59 0.356578
