0.130462
0.179144
0.156527
0.134582
0.116988
0.12084
0.11971
0.109501
0.204582
0.164109
0.105026
0.109788
0.134602
0.106227
0.106598
0.153877
0.20334
0.103213
0.106675
0.154106
0.125425
0.184603
0.104972
0.134025
0.12603
0.160579
0.117953
0.0869141
0.114529
0.171429
0.141013
0.11665
0.120185
0.0806858
0.114951
0.130006
0.082382
0.108905
0.13293
0.173001
0.0983561
0.10301
0.108472
0.19958
0.128313
0.14278
0.155755
0.119088
0.123313
0.105129
0.186699
0.133875
0.201339
0.112342
0.12201
0.150134
0.0953162
0.066434
0.173681
