0.224734
0.196032
0.221165
0.161594
0.128866
0.130159
0.13256
0.134005
0.238294
0.152807
0.118764
0.13834
0.147931
0.125843
0.177429
0.162153
0.207237
0.124418
0.106577
0.195789
0.146659
0.188623
0.108074
0.171926
0.158538
0.171776
0.117701
0.10339
0.235258
0.21753
0.181907
0.12121
0.143062
0.146375
0.114732
0.146994
0.118087
0.146776
0.133907
0.185344
0.140145
0.133203
0.135094
0.228619
0.138753
0.165193
0.208498
0.132704
0.147244
0.122087
0.194875
0.150427
0.245337
0.0947868
0.120499
0.169341
0.113587
0.153496
0.223495
