1 0.136214
2 0.118945
3 0.155057
4 0.111487
5 0.106054
6 0.0932675
7 0.121551
8 0.104255
9 0.136666
10 0.131858
11 0.0932889
12 0.123994
13 0.125985
14 0.0965175
15 0.100765
16 0.118221
17 0.141837
18 0.104331
19 0.101617
20 0.138005
21 0.102219
22 0.148783
23 0.102922
24 0.117317
25 0.137182
26 0.122074
27 0.0989472
28 0.0824835
29 0.15433
30 0.152192
31 0.114451
32 0.0951679
33 0.0984838
34 0.0742903
35 0.0997257
36 0.110275
37 0.0867936
38 0.108353
39 0.121353
40 0.155326
41 0.0926251
42 0.113148
43 0.118369
44 0.196282
45 0.113797
46 0.117578
47 0.153702
48 0.0974853
49 0.103686
50 0.0953305
51 0.151355
52 0.13272
53 0.176729
54 0.0868432
55 0.107789
56 0.134632
57 0.0866748
58 0.0705402
59 0.224561
