1 0.119931
2 0.165178
3 0.203222
4 0.149594
5 0.12819
6 0.125463
7 0.139787
8 0.129546
9 0.203736
10 0.203328
11 0.116751
12 0.162677
13 0.142776
14 0.126975
15 0.161362
16 0.154989
17 0.20223
18 0.10508
19 0.092806
20 0.10938
21 0.153435
22 0.170759
23 0.108195
24 0.162835
25 0.151008
26 0.170485
27 0.116647
28 0.107211
29 0.139107
30 0.191723
31 0.15647
32 0.130808
33 0.126231
34 0.10526
35 0.118727
36 0.133829
37 0.0966819
38 0.105759
39 0.134187
40 0.165368
41 0.0922819
42 0.125404
43 0.141237
44 0.182446
45 0.133084
46 0.154149
47 0.190369
48 0.131488
49 0.136244
50 0.109094
51 0.216362
52 0.172498
53 0.243645
54 0.0841585
55 0.14495
56 0.165788
57 0.11277
58 0.0915074
59 0.281087
